Algo | QType | QID | Count | Hash | Time_ms | Mem_MB | Nodes
Rlog_5yr | Range_Small | 0 | 13 | 77370775039 | 4.3432 | 121.507 | 2720750
Rlog_5yr | Range_Small | 1 | 32 | 53711026007 | 4.3432 | 121.507 | 2720750
Rlog_5yr | Range_Small | 2 | 22 | 129856243729 | 4.3432 | 121.507 | 2720750
Rlog_5yr | Range_Small | 3 | 19 | 88049524995 | 4.3432 | 121.507 | 2720750
Rlog_5yr | Range_Small | 4 | 8 | 33823964758 | 4.3432 | 121.507 | 2720750
Rlog_5yr | Range_Small | 5 | 8 | 24044512384 | 4.3432 | 121.507 | 2720750
Rlog_5yr | Range_Small | 6 | 7 | 30210729085 | 4.3432 | 121.507 | 2720750
Rlog_5yr | Range_Small | 7 | 25 | 137139152206 | 4.3432 | 121.507 | 2720750
Rlog_5yr | Range_Small | 8 | 20 | 69205439825 | 4.3432 | 121.507 | 2720750
Rlog_5yr | Range_Small | 9 | 21 | 101048337549 | 4.3432 | 121.507 | 2720750
Rlog_5yr | Range_Small | 10 | 5 | 10444192042 | 4.3432 | 121.507 | 2720750
Rlog_5yr | Range_Small | 11 | 159 | 1224908840390 | 4.3432 | 121.507 | 2720750
Rlog_5yr | Range_Small | 12 | 25 | 131520034715 | 4.3432 | 121.507 | 2720750
Rlog_5yr | Range_Small | 13 | 64 | 498902711018 | 4.3432 | 121.507 | 2720750
Rlog_5yr | Range_Small | 14 | 9 | 62398590491 | 4.3432 | 121.507 | 2720750
Rlog_5yr | Range_Small | 15 | 9 | 42692757318 | 4.3432 | 121.507 | 2720750
Rlog_5yr | Range_Small | 16 | 12 | 56426069370 | 4.3432 | 121.507 | 2720750
Rlog_5yr | Range_Small | 17 | 17 | 54936443278 | 4.3432 | 121.507 | 2720750
Rlog_5yr | Range_Small | 18 | 91 | 300755550064 | 4.3432 | 121.507 | 2720750
Rlog_5yr | Range_Small | 19 | 11 | 49462926783 | 4.3432 | 121.507 | 2720750
Rlog_5yr | Range_Small | 20 | 36 | 238152550186 | 4.3432 | 121.507 | 2720750
Rlog_5yr | Range_Small | 21 | 8 | 20530185936 | 4.3432 | 121.507 | 2720750
Rlog_5yr | Range_Small | 22 | 14 | 111309433974 | 4.3432 | 121.507 | 2720750
Rlog_5yr | Range_Small | 23 | 34 | 249835158327 | 4.3432 | 121.507 | 2720750
Rlog_5yr | Range_Small | 24 | 24 | 85875862369 | 4.3432 | 121.507 | 2720750
Rlog_5yr | Range_Small | 25 | 23 | 109186965647 | 4.3432 | 121.507 | 2720750
Rlog_5yr | Range_Small | 26 | 18 | 75803961986 | 4.3432 | 121.507 | 2720750
Rlog_5yr | Range_Small | 27 | 17 | 135957155180 | 4.3432 | 121.507 | 2720750
Rlog_5yr | Range_Small | 28 | 19 | 76366734289 | 4.3432 | 121.507 | 2720750
Rlog_5yr | Range_Small | 29 | 6 | 39220518399 | 4.3432 | 121.507 | 2720750
Rlog_5yr | Range_Small | 30 | 24 | 119721156575 | 4.3432 | 121.507 | 2720750
Rlog_5yr | Range_Small | 31 | 9 | 38807608900 | 4.3432 | 121.507 | 2720750
Rlog_5yr | Range_Small | 32 | 43 | 326466680123 | 4.3432 | 121.507 | 2720750
Rlog_5yr | Range_Small | 33 | 43 | 197983429584 | 4.3432 | 121.507 | 2720750
Rlog_5yr | Range_Small | 34 | 28 | 129246907479 | 4.3432 | 121.507 | 2720750
Rlog_5yr | Range_Small | 35 | 26 | 119038116735 | 4.3432 | 121.507 | 2720750
Rlog_5yr | Range_Small | 36 | 24 | 124910518802 | 4.3432 | 121.507 | 2720750
Rlog_5yr | Range_Small | 37 | 7 | 27834564444 | 4.3432 | 121.507 | 2720750
Rlog_5yr | Range_Small | 38 | 21 | 83514776807 | 4.3432 | 121.507 | 2720750
Rlog_5yr | Range_Small | 39 | 23 | 144058810345 | 4.3432 | 121.507 | 2720750
Rlog_5yr | Range_Small | 40 | 7 | 46133617634 | 4.3432 | 121.507 | 2720750
Rlog_5yr | Range_Small | 41 | 23 | 166728322869 | 4.3432 | 121.507 | 2720750
Rlog_5yr | Range_Small | 42 | 20 | 144042841331 | 4.3432 | 121.507 | 2720750
Rlog_5yr | Range_Small | 43 | 26 | 109746726127 | 4.3432 | 121.507 | 2720750
Rlog_5yr | Range_Small | 44 | 11 | 58898106141 | 4.3432 | 121.507 | 2720750
Rlog_5yr | Range_Small | 45 | 411 | 3495807184394 | 4.3432 | 121.507 | 2720750
Rlog_5yr | Range_Small | 46 | 13 | 55049055046 | 4.3432 | 121.507 | 2720750
Rlog_5yr | Range_Small | 47 | 17 | 67184759025 | 4.3432 | 121.507 | 2720750
Rlog_5yr | Range_Small | 48 | 27 | 161403346733 | 4.3432 | 121.507 | 2720750
Rlog_5yr | Range_Small | 49 | 30 | 213510504440 | 4.3432 | 121.507 | 2720750
Rlog_5yr | Range_Small | 50 | 28 | 180664455452 | 4.3432 | 121.507 | 2720750
Rlog_5yr | Range_Small | 51 | 27 | 121229398343 | 4.3432 | 121.507 | 2720750
Rlog_5yr | Range_Small | 52 | 27 | 113726440350 | 4.3432 | 121.507 | 2720750
Rlog_5yr | Range_Small | 53 | 33 | 234478734443 | 4.3432 | 121.507 | 2720750
Rlog_5yr | Range_Small | 54 | 70 | 542195559033 | 4.3432 | 121.507 | 2720750
Rlog_5yr | Range_Small | 55 | 27 | 111862404242 | 4.3432 | 121.507 | 2720750
Rlog_5yr | Range_Small | 56 | 23 | 155732946979 | 4.3432 | 121.507 | 2720750
Rlog_5yr | Range_Small | 57 | 9 | 39700892006 | 4.3432 | 121.507 | 2720750
Rlog_5yr | Range_Small | 58 | 9 | 70594327845 | 4.3432 | 121.507 | 2720750
Rlog_5yr | Range_Small | 59 | 12 | 77427663192 | 4.3432 | 121.507 | 2720750
Rlog_5yr | Range_Small | 60 | 14 | 82032329885 | 4.3432 | 121.507 | 2720750
Rlog_5yr | Range_Small | 61 | 52 | 419411001783 | 4.3432 | 121.507 | 2720750
Rlog_5yr | Range_Small | 62 | 26 | 130532053044 | 4.3432 | 121.507 | 2720750
Rlog_5yr | Range_Small | 63 | 12 | 67037267883 | 4.3432 | 121.507 | 2720750
Rlog_5yr | Range_Small | 64 | 11 | 51700143084 | 4.3432 | 121.507 | 2720750
Rlog_5yr | Range_Small | 65 | 20 | 90905044948 | 4.3432 | 121.507 | 2720750
Rlog_5yr | Range_Small | 66 | 8 | 36935506388 | 4.3432 | 121.507 | 2720750
Rlog_5yr | Range_Small | 67 | 24 | 79451503086 | 4.3432 | 121.507 | 2720750
Rlog_5yr | Range_Small | 68 | 12 | 62455255635 | 4.3432 | 121.507 | 2720750
Rlog_5yr | Range_Small | 69 | 28 | 118567150726 | 4.3432 | 121.507 | 2720750
Rlog_5yr | Range_Small | 70 | 23 | 96914505325 | 4.3432 | 121.507 | 2720750
Rlog_5yr | Range_Small | 71 | 10 | 45787739933 | 4.3432 | 121.507 | 2720750
Rlog_5yr | Range_Small | 72 | 8 | 34163189116 | 4.3432 | 121.507 | 2720750
Rlog_5yr | Range_Small | 73 | 55 | 363336293652 | 4.3432 | 121.507 | 2720750
Rlog_5yr | Range_Small | 74 | 21 | 115889080538 | 4.3432 | 121.507 | 2720750
Rlog_5yr | Range_Small | 75 | 123 | 1050085318441 | 4.3432 | 121.507 | 2720750
Rlog_5yr | Range_Small | 76 | 23 | 88701705330 | 4.3432 | 121.507 | 2720750
Rlog_5yr | Range_Small | 77 | 6 | 36791632285 | 4.3432 | 121.507 | 2720750
Rlog_5yr | Range_Small | 78 | 14 | 64679200958 | 4.3432 | 121.507 | 2720750
Rlog_5yr | Range_Small | 79 | 7 | 29419315026 | 4.3432 | 121.507 | 2720750
Rlog_5yr | Range_Small | 80 | 32 | 169159433677 | 4.3432 | 121.507 | 2720750
Rlog_5yr | Range_Small | 81 | 18 | 75699387441 | 4.3432 | 121.507 | 2720750
Rlog_5yr | Range_Small | 82 | 12 | 36060674260 | 4.3432 | 121.507 | 2720750
Rlog_5yr | Range_Small | 83 | 6 | 25235680887 | 4.3432 | 121.507 | 2720750
Rlog_5yr | Range_Small | 84 | 12 | 75262948400 | 4.3432 | 121.507 | 2720750
Rlog_5yr | Range_Small | 85 | 12 | 75701376608 | 4.3432 | 121.507 | 2720750
Rlog_5yr | Range_Small | 86 | 22 | 102617147316 | 4.3432 | 121.507 | 2720750
Rlog_5yr | Range_Small | 87 | 23 | 108250693757 | 4.3432 | 121.507 | 2720750
Rlog_5yr | Range_Small | 88 | 68 | 444090789253 | 4.3432 | 121.507 | 2720750
Rlog_5yr | Range_Small | 89 | 16 | 67378291398 | 4.3432 | 121.507 | 2720750
Rlog_5yr | Range_Small | 90 | 7 | 54446188559 | 4.3432 | 121.507 | 2720750
Rlog_5yr | Range_Small | 91 | 38 | 114007248331 | 4.3432 | 121.507 | 2720750
Rlog_5yr | Range_Small | 92 | 95 | 767889693923 | 4.3432 | 121.507 | 2720750
Rlog_5yr | Range_Small | 93 | 18 | 79866573795 | 4.3432 | 121.507 | 2720750
Rlog_5yr | Range_Small | 94 | 937 | 8276095592635 | 4.3432 | 121.507 | 2720750
Rlog_5yr | Range_Small | 95 | 17 | 40305951284 | 4.3432 | 121.507 | 2720750
Rlog_5yr | Range_Small | 96 | 17 | 95793647740 | 4.3432 | 121.507 | 2720750
Rlog_5yr | Range_Small | 97 | 15 | 48307626664 | 4.3432 | 121.507 | 2720750
Rlog_5yr | Range_Small | 98 | 5 | 24701734710 | 4.3432 | 121.507 | 2720750
Rlog_5yr | Range_Small | 99 | 13 | 81801958022 | 4.3432 | 121.507 | 2720750
Rlog_5yr | Range_Med | 0 | 397 | 3367724778677 | 4.37895 | 121.507 | 2720750
Rlog_5yr | Range_Med | 1 | 541 | 2854771769145 | 4.37895 | 121.507 | 2720750
Rlog_5yr | Range_Med | 2 | 820 | 6077940871688 | 4.37895 | 121.507 | 2720750
Rlog_5yr | Range_Med | 3 | 2364 | 19762221982591 | 4.37895 | 121.507 | 2720750
Rlog_5yr | Range_Med | 4 | 926 | 3925192372842 | 4.37895 | 121.507 | 2720750
Rlog_5yr | Range_Med | 5 | 222 | 1041831354249 | 4.37895 | 121.507 | 2720750
Rlog_5yr | Range_Med | 6 | 887 | 6441878384856 | 4.37895 | 121.507 | 2720750
Rlog_5yr | Range_Med | 7 | 1530 | 9656460260525 | 4.37895 | 121.507 | 2720750
Rlog_5yr | Range_Med | 8 | 238 | 1246859465387 | 4.37895 | 121.507 | 2720750
Rlog_5yr | Range_Med | 9 | 88 | 422013228854 | 4.37895 | 121.507 | 2720750
Rlog_5yr | Range_Med | 10 | 7491 | 63929886194491 | 4.37895 | 121.507 | 2720750
Rlog_5yr | Range_Med | 11 | 158 | 1227449189732 | 4.37895 | 121.507 | 2720750
Rlog_5yr | Range_Med | 12 | 1095 | 6379307768450 | 4.37895 | 121.507 | 2720750
Rlog_5yr | Range_Med | 13 | 3844 | 29349597152523 | 4.37895 | 121.507 | 2720750
Rlog_5yr | Range_Med | 14 | 606 | 2883678383292 | 4.37895 | 121.507 | 2720750
Rlog_5yr | Range_Med | 15 | 749 | 3601264417173 | 4.37895 | 121.507 | 2720750
Rlog_5yr | Range_Med | 16 | 787 | 3705948233974 | 4.37895 | 121.507 | 2720750
Rlog_5yr | Range_Med | 17 | 179 | 774020751543 | 4.37895 | 121.507 | 2720750
Rlog_5yr | Range_Med | 18 | 2313 | 18217376071947 | 4.37895 | 121.507 | 2720750
Rlog_5yr | Range_Med | 19 | 449 | 1584669981764 | 4.37895 | 121.507 | 2720750
Rlog_5yr | Range_Med | 20 | 923 | 4653958673618 | 4.37895 | 121.507 | 2720750
Rlog_5yr | Range_Med | 21 | 728 | 3011506431471 | 4.37895 | 121.507 | 2720750
Rlog_5yr | Range_Med | 22 | 281 | 1895926014369 | 4.37895 | 121.507 | 2720750
Rlog_5yr | Range_Med | 23 | 115 | 459179240204 | 4.37895 | 121.507 | 2720750
Rlog_5yr | Range_Med | 24 | 464 | 3212158059640 | 4.37895 | 121.507 | 2720750
Rlog_5yr | Range_Med | 25 | 2387 | 17375816847629 | 4.37895 | 121.507 | 2720750
Rlog_5yr | Range_Med | 26 | 2717 | 21188354478493 | 4.37895 | 121.507 | 2720750
Rlog_5yr | Range_Med | 27 | 841 | 4296540197206 | 4.37895 | 121.507 | 2720750
Rlog_5yr | Range_Med | 28 | 34 | 119748120536 | 4.37895 | 121.507 | 2720750
Rlog_5yr | Range_Med | 29 | 1533 | 11668653827877 | 4.37895 | 121.507 | 2720750
Rlog_5yr | Range_Med | 30 | 361 | 1686144108368 | 4.37895 | 121.507 | 2720750
Rlog_5yr | Range_Med | 31 | 205 | 1122195193990 | 4.37895 | 121.507 | 2720750
Rlog_5yr | Range_Med | 32 | 122 | 489676504281 | 4.37895 | 121.507 | 2720750
Rlog_5yr | Range_Med | 33 | 293 | 1295325279910 | 4.37895 | 121.507 | 2720750
Rlog_5yr | Range_Med | 34 | 793 | 3194608426890 | 4.37895 | 121.507 | 2720750
Rlog_5yr | Range_Med | 35 | 296 | 1256914012273 | 4.37895 | 121.507 | 2720750
Rlog_5yr | Range_Med | 36 | 567 | 2961755004742 | 4.37895 | 121.507 | 2720750
Rlog_5yr | Range_Med | 37 | 786 | 4336526725893 | 4.37895 | 121.507 | 2720750
Rlog_5yr | Range_Med | 38 | 369 | 1872352986368 | 4.37895 | 121.507 | 2720750
Rlog_5yr | Range_Med | 39 | 1207 | 6589669077749 | 4.37895 | 121.507 | 2720750
Rlog_5yr | Range_Med | 40 | 2300 | 15087900733297 | 4.37895 | 121.507 | 2720750
Rlog_5yr | Range_Med | 41 | 1624 | 13824270387663 | 4.37895 | 121.507 | 2720750
Rlog_5yr | Range_Med | 42 | 863 | 5399376205607 | 4.37895 | 121.507 | 2720750
Rlog_5yr | Range_Med | 43 | 263 | 910072078040 | 4.37895 | 121.507 | 2720750
Rlog_5yr | Range_Med | 44 | 492 | 3015934058839 | 4.37895 | 121.507 | 2720750
Rlog_5yr | Range_Med | 45 | 269 | 2207044593402 | 4.37895 | 121.507 | 2720750
Rlog_5yr | Range_Med | 46 | 537 | 2127300734014 | 4.37895 | 121.507 | 2720750
Rlog_5yr | Range_Med | 47 | 423 | 1718790554315 | 4.37895 | 121.507 | 2720750
Rlog_5yr | Range_Med | 48 | 68 | 196755611074 | 4.37895 | 121.507 | 2720750
Rlog_5yr | Range_Med | 49 | 324 | 1730898580630 | 4.37895 | 121.507 | 2720750
Rlog_5yr | Range_Med | 50 | 774 | 4768929072906 | 4.37895 | 121.507 | 2720750
Rlog_5yr | Range_Med | 51 | 279 | 1661075763456 | 4.37895 | 121.507 | 2720750
Rlog_5yr | Range_Med | 52 | 240 | 1573732780539 | 4.37895 | 121.507 | 2720750
Rlog_5yr | Range_Med | 53 | 411 | 2214958865052 | 4.37895 | 121.507 | 2720750
Rlog_5yr | Range_Med | 54 | 6359 | 50137767271075 | 4.37895 | 121.507 | 2720750
Rlog_5yr | Range_Med | 55 | 268 | 1485351295244 | 4.37895 | 121.507 | 2720750
Rlog_5yr | Range_Med | 56 | 611 | 2161712953221 | 4.37895 | 121.507 | 2720750
Rlog_5yr | Range_Med | 57 | 664 | 2783637433173 | 4.37895 | 121.507 | 2720750
Rlog_5yr | Range_Med | 58 | 214 | 851062084633 | 4.37895 | 121.507 | 2720750
Rlog_5yr | Range_Med | 59 | 1957 | 15703807012605 | 4.37895 | 121.507 | 2720750
Rlog_5yr | Range_Med | 60 | 333 | 1588740503760 | 4.37895 | 121.507 | 2720750
Rlog_5yr | Range_Med | 61 | 771 | 5923256666030 | 4.37895 | 121.507 | 2720750
Rlog_5yr | Range_Med | 62 | 1560 | 11474670120997 | 4.37895 | 121.507 | 2720750
Rlog_5yr | Range_Med | 63 | 869 | 6270124714906 | 4.37895 | 121.507 | 2720750
Rlog_5yr | Range_Med | 64 | 1066 | 8818038771687 | 4.37895 | 121.507 | 2720750
Rlog_5yr | Range_Med | 65 | 739 | 3077716880520 | 4.37895 | 121.507 | 2720750
Rlog_5yr | Range_Med | 66 | 637 | 4320781850341 | 4.37895 | 121.507 | 2720750
Rlog_5yr | Range_Med | 67 | 313 | 2219642437202 | 4.37895 | 121.507 | 2720750
Rlog_5yr | Range_Med | 68 | 157 | 962529419750 | 4.37895 | 121.507 | 2720750
Rlog_5yr | Range_Med | 69 | 508 | 2187343368522 | 4.37895 | 121.507 | 2720750
Rlog_5yr | Range_Med | 70 | 1090 | 6935619330051 | 4.37895 | 121.507 | 2720750
Rlog_5yr | Range_Med | 71 | 46 | 209860916426 | 4.37895 | 121.507 | 2720750
Rlog_5yr | Range_Med | 72 | 505 | 3338451100136 | 4.37895 | 121.507 | 2720750
Rlog_5yr | Range_Med | 73 | 215 | 925655782347 | 4.37895 | 121.507 | 2720750
Rlog_5yr | Range_Med | 74 | 664 | 2634331659348 | 4.37895 | 121.507 | 2720750
Rlog_5yr | Range_Med | 75 | 278 | 2029178177958 | 4.37895 | 121.507 | 2720750
Rlog_5yr | Range_Med | 76 | 570 | 2402796432035 | 4.37895 | 121.507 | 2720750
Rlog_5yr | Range_Med | 77 | 1145 | 6312176200129 | 4.37895 | 121.507 | 2720750
Rlog_5yr | Range_Med | 78 | 14782 | 123907611568776 | 4.37895 | 121.507 | 2720750
Rlog_5yr | Range_Med | 79 | 179 | 1030698711292 | 4.37895 | 121.507 | 2720750
Rlog_5yr | Range_Med | 80 | 1107 | 8967450134504 | 4.37895 | 121.507 | 2720750
Rlog_5yr | Range_Med | 81 | 527 | 3145955782869 | 4.37895 | 121.507 | 2720750
Rlog_5yr | Range_Med | 82 | 1746 | 12206102283553 | 4.37895 | 121.507 | 2720750
Rlog_5yr | Range_Med | 83 | 6872 | 59657283274586 | 4.37895 | 121.507 | 2720750
Rlog_5yr | Range_Med | 84 | 229 | 910569695605 | 4.37895 | 121.507 | 2720750
Rlog_5yr | Range_Med | 85 | 1322 | 8705649052359 | 4.37895 | 121.507 | 2720750
Rlog_5yr | Range_Med | 86 | 703 | 5539771040017 | 4.37895 | 121.507 | 2720750
Rlog_5yr | Range_Med | 87 | 1473 | 10238441960453 | 4.37895 | 121.507 | 2720750
Rlog_5yr | Range_Med | 88 | 551 | 2719835245849 | 4.37895 | 121.507 | 2720750
Rlog_5yr | Range_Med | 89 | 632 | 4808849979914 | 4.37895 | 121.507 | 2720750
Rlog_5yr | Range_Med | 90 | 114 | 877266240925 | 4.37895 | 121.507 | 2720750
Rlog_5yr | Range_Med | 91 | 760 | 3664684732134 | 4.37895 | 121.507 | 2720750
Rlog_5yr | Range_Med | 92 | 1411 | 9759949927796 | 4.37895 | 121.507 | 2720750
Rlog_5yr | Range_Med | 93 | 1047 | 7164601459535 | 4.37895 | 121.507 | 2720750
Rlog_5yr | Range_Med | 94 | 404 | 1807740574304 | 4.37895 | 121.507 | 2720750
Rlog_5yr | Range_Med | 95 | 3179 | 26315668710794 | 4.37895 | 121.507 | 2720750
Rlog_5yr | Range_Med | 96 | 2377 | 19367027673478 | 4.37895 | 121.507 | 2720750
Rlog_5yr | Range_Med | 97 | 1605 | 12485224006028 | 4.37895 | 121.507 | 2720750
Rlog_5yr | Range_Med | 98 | 1903 | 13816041544590 | 4.37895 | 121.507 | 2720750
Rlog_5yr | Range_Med | 99 | 654 | 4476296907064 | 4.37895 | 121.507 | 2720750
Rlog_5yr | Range_Large | 0 | 2519 | 13572041273318 | 4.42669 | 121.507 | 2720750
Rlog_5yr | Range_Large | 1 | 1149 | 6742962660458 | 4.42669 | 121.507 | 2720750
Rlog_5yr | Range_Large | 2 | 1236 | 6319609355346 | 4.42669 | 121.507 | 2720750
Rlog_5yr | Range_Large | 3 | 5202 | 35735731877128 | 4.42669 | 121.507 | 2720750
Rlog_5yr | Range_Large | 4 | 4786 | 33529414620950 | 4.42669 | 121.507 | 2720750
Rlog_5yr | Range_Large | 5 | 886 | 3817913899533 | 4.42669 | 121.507 | 2720750
Rlog_5yr | Range_Large | 6 | 1120 | 5271970487422 | 4.42669 | 121.507 | 2720750
Rlog_5yr | Range_Large | 7 | 13547 | 111253059900386 | 4.42669 | 121.507 | 2720750
Rlog_5yr | Range_Large | 8 | 2711 | 19449519802491 | 4.42669 | 121.507 | 2720750
Rlog_5yr | Range_Large | 9 | 2074 | 13142201881651 | 4.42669 | 121.507 | 2720750
Rlog_5yr | Range_Large | 10 | 2182 | 11317263958964 | 4.42669 | 121.507 | 2720750
Rlog_5yr | Range_Large | 11 | 3283 | 19094492322375 | 4.42669 | 121.507 | 2720750
Rlog_5yr | Range_Large | 12 | 10893 | 85915674407462 | 4.42669 | 121.507 | 2720750
Rlog_5yr | Range_Large | 13 | 3638 | 20318586735356 | 4.42669 | 121.507 | 2720750
Rlog_5yr | Range_Large | 14 | 7403 | 54970555683323 | 4.42669 | 121.507 | 2720750
Rlog_5yr | Range_Large | 15 | 1381 | 6889454854587 | 4.42669 | 121.507 | 2720750
Rlog_5yr | Range_Large | 16 | 6301 | 47229981532495 | 4.42669 | 121.507 | 2720750
Rlog_5yr | Range_Large | 17 | 6385 | 37924190287647 | 4.42669 | 121.507 | 2720750
Rlog_5yr | Range_Large | 18 | 10851 | 80410369120761 | 4.42669 | 121.507 | 2720750
Rlog_5yr | Range_Large | 19 | 10220 | 71232862531549 | 4.42669 | 121.507 | 2720750
Rlog_5yr | Range_Large | 20 | 5375 | 37382051077951 | 4.42669 | 121.507 | 2720750
Rlog_5yr | Range_Large | 21 | 18747 | 156348785007371 | 4.42669 | 121.507 | 2720750
Rlog_5yr | Range_Large | 22 | 1291 | 7649639017844 | 4.42669 | 121.507 | 2720750
Rlog_5yr | Range_Large | 23 | 2137 | 12182206264506 | 4.42669 | 121.507 | 2720750
Rlog_5yr | Range_Large | 24 | 8010 | 61968257538911 | 4.42669 | 121.507 | 2720750
Rlog_5yr | Range_Large | 25 | 2362 | 15423230988056 | 4.42669 | 121.507 | 2720750
Rlog_5yr | Range_Large | 26 | 13833 | 83565757344073 | 4.42669 | 121.507 | 2720750
Rlog_5yr | Range_Large | 27 | 1944 | 11073113047403 | 4.42669 | 121.507 | 2720750
Rlog_5yr | Range_Large | 28 | 11417 | 78643555254988 | 4.42669 | 121.507 | 2720750
Rlog_5yr | Range_Large | 29 | 30145 | 245891083097970 | 4.42669 | 121.507 | 2720750
Rlog_5yr | Range_Large | 30 | 3068 | 13465096885027 | 4.42669 | 121.507 | 2720750
Rlog_5yr | Range_Large | 31 | 5644 | 41447202468551 | 4.42669 | 121.507 | 2720750
Rlog_5yr | Range_Large | 32 | 3363 | 22263353362614 | 4.42669 | 121.507 | 2720750
Rlog_5yr | Range_Large | 33 | 27333 | 235986988283097 | 4.42669 | 121.507 | 2720750
Rlog_5yr | Range_Large | 34 | 1433 | 6491160933774 | 4.42669 | 121.507 | 2720750
Rlog_5yr | Range_Large | 35 | 4069 | 24512490336960 | 4.42669 | 121.507 | 2720750
Rlog_5yr | Range_Large | 36 | 3133 | 19552371155257 | 4.42669 | 121.507 | 2720750
Rlog_5yr | Range_Large | 37 | 3327 | 26207557364487 | 4.42669 | 121.507 | 2720750
Rlog_5yr | Range_Large | 38 | 12876 | 102235503749394 | 4.42669 | 121.507 | 2720750
Rlog_5yr | Range_Large | 39 | 2888 | 22440471988463 | 4.42669 | 121.507 | 2720750
Rlog_5yr | Range_Large | 40 | 3727 | 18309026111031 | 4.42669 | 121.507 | 2720750
Rlog_5yr | Range_Large | 41 | 8402 | 58049401917456 | 4.42669 | 121.507 | 2720750
Rlog_5yr | Range_Large | 42 | 89975 | 785584391054642 | 4.42669 | 121.507 | 2720750
Rlog_5yr | Range_Large | 43 | 4547 | 34935933510015 | 4.42669 | 121.507 | 2720750
Rlog_5yr | Range_Large | 44 | 915 | 6121249803816 | 4.42669 | 121.507 | 2720750
Rlog_5yr | Range_Large | 45 | 3058 | 12720417874320 | 4.42669 | 121.507 | 2720750
Rlog_5yr | Range_Large | 46 | 7844 | 58302051219406 | 4.42669 | 121.507 | 2720750
Rlog_5yr | Range_Large | 47 | 16614 | 136027913891430 | 4.42669 | 121.507 | 2720750
Rlog_5yr | Range_Large | 48 | 7739 | 53114586896826 | 4.42669 | 121.507 | 2720750
Rlog_5yr | Range_Large | 49 | 5867 | 32153177400033 | 4.42669 | 121.507 | 2720750
Rlog_5yr | Range_Large | 50 | 5457 | 42246343131797 | 4.42669 | 121.507 | 2720750
Rlog_5yr | Range_Large | 51 | 2274 | 12753414016185 | 4.42669 | 121.507 | 2720750
Rlog_5yr | Range_Large | 52 | 3030 | 13363549023207 | 4.42669 | 121.507 | 2720750
Rlog_5yr | Range_Large | 53 | 1605 | 8099946699630 | 4.42669 | 121.507 | 2720750
Rlog_5yr | Range_Large | 54 | 1380 | 6094030813151 | 4.42669 | 121.507 | 2720750
Rlog_5yr | Range_Large | 55 | 2479 | 10868573051548 | 4.42669 | 121.507 | 2720750
Rlog_5yr | Range_Large | 56 | 20932 | 179506768704711 | 4.42669 | 121.507 | 2720750
Rlog_5yr | Range_Large | 57 | 2824 | 15257290595327 | 4.42669 | 121.507 | 2720750
Rlog_5yr | Range_Large | 58 | 2333 | 10583534457096 | 4.42669 | 121.507 | 2720750
Rlog_5yr | Range_Large | 59 | 3402 | 21296265927696 | 4.42669 | 121.507 | 2720750
Rlog_5yr | Range_Large | 60 | 7712 | 60345038951113 | 4.42669 | 121.507 | 2720750
Rlog_5yr | Range_Large | 61 | 3938 | 19449293181188 | 4.42669 | 121.507 | 2720750
Rlog_5yr | Range_Large | 62 | 1658 | 8746484602438 | 4.42669 | 121.507 | 2720750
Rlog_5yr | Range_Large | 63 | 15857 | 124743109253018 | 4.42669 | 121.507 | 2720750
Rlog_5yr | Range_Large | 64 | 8738 | 58047126456567 | 4.42669 | 121.507 | 2720750
Rlog_5yr | Range_Large | 65 | 2749 | 12488293933831 | 4.42669 | 121.507 | 2720750
Rlog_5yr | Range_Large | 66 | 6852 | 38790564762027 | 4.42669 | 121.507 | 2720750
Rlog_5yr | Range_Large | 67 | 23182 | 190428688265731 | 4.42669 | 121.507 | 2720750
Rlog_5yr | Range_Large | 68 | 10010 | 76892383950419 | 4.42669 | 121.507 | 2720750
Rlog_5yr | Range_Large | 69 | 5300 | 39431270734583 | 4.42669 | 121.507 | 2720750
Rlog_5yr | Range_Large | 70 | 3067 | 13141181566106 | 4.42669 | 121.507 | 2720750
Rlog_5yr | Range_Large | 71 | 4753 | 27101566167368 | 4.42669 | 121.507 | 2720750
Rlog_5yr | Range_Large | 72 | 16460 | 138636946652770 | 4.42669 | 121.507 | 2720750
Rlog_5yr | Range_Large | 73 | 3195 | 10647097072902 | 4.42669 | 121.507 | 2720750
Rlog_5yr | Range_Large | 74 | 2397 | 10072407186958 | 4.42669 | 121.507 | 2720750
Rlog_5yr | Range_Large | 75 | 8394 | 62886296805375 | 4.42669 | 121.507 | 2720750
Rlog_5yr | Range_Large | 76 | 6430 | 43579762952313 | 4.42669 | 121.507 | 2720750
Rlog_5yr | Range_Large | 77 | 12737 | 101711875219928 | 4.42669 | 121.507 | 2720750
Rlog_5yr | Range_Large | 78 | 2625 | 11048224032943 | 4.42669 | 121.507 | 2720750
Rlog_5yr | Range_Large | 79 | 5921 | 35682503415840 | 4.42669 | 121.507 | 2720750
Rlog_5yr | Range_Large | 80 | 17602 | 138842871707215 | 4.42669 | 121.507 | 2720750
Rlog_5yr | Range_Large | 81 | 10783 | 83491052455800 | 4.42669 | 121.507 | 2720750
Rlog_5yr | Range_Large | 82 | 8767 | 55760279425468 | 4.42669 | 121.507 | 2720750
Rlog_5yr | Range_Large | 83 | 1386 | 8450419724834 | 4.42669 | 121.507 | 2720750
Rlog_5yr | Range_Large | 84 | 4380 | 31932753789424 | 4.42669 | 121.507 | 2720750
Rlog_5yr | Range_Large | 85 | 927 | 4041424245303 | 4.42669 | 121.507 | 2720750
Rlog_5yr | Range_Large | 86 | 3014 | 15973339595216 | 4.42669 | 121.507 | 2720750
Rlog_5yr | Range_Large | 87 | 2222 | 17055860048317 | 4.42669 | 121.507 | 2720750
Rlog_5yr | Range_Large | 88 | 7482 | 65313958864046 | 4.42669 | 121.507 | 2720750
Rlog_5yr | Range_Large | 89 | 6131 | 44144391032287 | 4.42669 | 121.507 | 2720750
Rlog_5yr | Range_Large | 90 | 2538 | 18345204985505 | 4.42669 | 121.507 | 2720750
Rlog_5yr | Range_Large | 91 | 1286 | 5636391297946 | 4.42669 | 121.507 | 2720750
Rlog_5yr | Range_Large | 92 | 2958 | 12755574411743 | 4.42669 | 121.507 | 2720750
Rlog_5yr | Range_Large | 93 | 3066 | 20206027984132 | 4.42669 | 121.507 | 2720750
Rlog_5yr | Range_Large | 94 | 1621 | 9062251023491 | 4.42669 | 121.507 | 2720750
Rlog_5yr | Range_Large | 95 | 12800 | 102449935119101 | 4.42669 | 121.507 | 2720750
Rlog_5yr | Range_Large | 96 | 12153 | 93500555646705 | 4.42669 | 121.507 | 2720750
Rlog_5yr | Range_Large | 97 | 1374 | 8204198480176 | 4.42669 | 121.507 | 2720750
Rlog_5yr | Range_Large | 98 | 3298 | 20120479757663 | 4.42669 | 121.507 | 2720750
Rlog_5yr | Range_Large | 99 | 2027 | 14366078139559 | 4.42669 | 121.507 | 2720750
Rlog_5yr | KNN_1 | 0 | 1 | 3799929058 | 5.20884 | 121.507 | 2720750
Rlog_5yr | KNN_1 | 1 | 1 | 4849161722 | 5.20884 | 121.507 | 2720750
Rlog_5yr | KNN_1 | 2 | 1 | 5761202526 | 5.20884 | 121.507 | 2720750
Rlog_5yr | KNN_1 | 3 | 1 | 3522068842 | 5.20884 | 121.507 | 2720750
Rlog_5yr | KNN_1 | 4 | 1 | 4209605994 | 5.20884 | 121.507 | 2720750
Rlog_5yr | KNN_1 | 5 | 1 | 6577929662 | 5.20884 | 121.507 | 2720750
Rlog_5yr | KNN_1 | 6 | 1 | 4144837765 | 5.20884 | 121.507 | 2720750
Rlog_5yr | KNN_1 | 7 | 1 | 6521820478 | 5.20884 | 121.507 | 2720750
Rlog_5yr | KNN_1 | 8 | 1 | 4214325345 | 5.20884 | 121.507 | 2720750
Rlog_5yr | KNN_1 | 9 | 1 | 3413557406 | 5.20884 | 121.507 | 2720750
Rlog_5yr | KNN_1 | 10 | 1 | 3415017873 | 5.20884 | 121.507 | 2720750
Rlog_5yr | KNN_1 | 11 | 1 | 4617204981 | 5.20884 | 121.507 | 2720750
Rlog_5yr | KNN_1 | 12 | 1 | 3004276561 | 5.20884 | 121.507 | 2720750
Rlog_5yr | KNN_1 | 13 | 1 | 3003413530 | 5.20884 | 121.507 | 2720750
Rlog_5yr | KNN_1 | 14 | 1 | 5398089679 | 5.20884 | 121.507 | 2720750
Rlog_5yr | KNN_1 | 15 | 1 | 4211257955 | 5.20884 | 121.507 | 2720750
Rlog_5yr | KNN_1 | 16 | 1 | 4370624637 | 5.20884 | 121.507 | 2720750
Rlog_5yr | KNN_1 | 17 | 1 | 5634920209 | 5.20884 | 121.507 | 2720750
Rlog_5yr | KNN_1 | 18 | 1 | 5032168734 | 5.20884 | 121.507 | 2720750
Rlog_5yr | KNN_1 | 19 | 1 | 4058942725 | 5.20884 | 121.507 | 2720750
Rlog_5yr | KNN_1 | 20 | 1 | 4702172449 | 5.20884 | 121.507 | 2720750
Rlog_5yr | KNN_1 | 21 | 1 | 6577930268 | 5.20884 | 121.507 | 2720750
Rlog_5yr | KNN_1 | 22 | 1 | 3999815923 | 5.20884 | 121.507 | 2720750
Rlog_5yr | KNN_1 | 23 | 1 | 3975690624 | 5.20884 | 121.507 | 2720750
Rlog_5yr | KNN_1 | 24 | 1 | 8273109851 | 5.20884 | 121.507 | 2720750
Rlog_5yr | KNN_1 | 25 | 1 | 3992753868 | 5.20884 | 121.507 | 2720750
Rlog_5yr | KNN_1 | 26 | 1 | 3976573163 | 5.20884 | 121.507 | 2720750
Rlog_5yr | KNN_1 | 27 | 1 | 3001239016 | 5.20884 | 121.507 | 2720750
Rlog_5yr | KNN_1 | 28 | 1 | 4229643486 | 5.20884 | 121.507 | 2720750
Rlog_5yr | KNN_1 | 29 | 1 | 4584269691 | 5.20884 | 121.507 | 2720750
Rlog_5yr | KNN_1 | 30 | 1 | 3459796268 | 5.20884 | 121.507 | 2720750
Rlog_5yr | KNN_1 | 31 | 1 | 4728235796 | 5.20884 | 121.507 | 2720750
Rlog_5yr | KNN_1 | 32 | 1 | 3638013448 | 5.20884 | 121.507 | 2720750
Rlog_5yr | KNN_1 | 33 | 1 | 6543241230 | 5.20884 | 121.507 | 2720750
Rlog_5yr | KNN_1 | 34 | 1 | 5907961249 | 5.20884 | 121.507 | 2720750
Rlog_5yr | KNN_1 | 35 | 1 | 4597586741 | 5.20884 | 121.507 | 2720750
Rlog_5yr | KNN_1 | 36 | 1 | 4847350321 | 5.20884 | 121.507 | 2720750
Rlog_5yr | KNN_1 | 37 | 1 | 8127184388 | 5.20884 | 121.507 | 2720750
Rlog_5yr | KNN_1 | 38 | 1 | 4070284949 | 5.20884 | 121.507 | 2720750
Rlog_5yr | KNN_1 | 39 | 1 | 1987012560 | 5.20884 | 121.507 | 2720750
Rlog_5yr | KNN_1 | 40 | 1 | 3202275063 | 5.20884 | 121.507 | 2720750
Rlog_5yr | KNN_1 | 41 | 1 | 4214473294 | 5.20884 | 121.507 | 2720750
Rlog_5yr | KNN_1 | 42 | 1 | 4333672991 | 5.20884 | 121.507 | 2720750
Rlog_5yr | KNN_1 | 43 | 1 | 3003235172 | 5.20884 | 121.507 | 2720750
Rlog_5yr | KNN_1 | 44 | 1 | 4205960355 | 5.20884 | 121.507 | 2720750
Rlog_5yr | KNN_1 | 45 | 1 | 3637987200 | 5.20884 | 121.507 | 2720750
Rlog_5yr | KNN_1 | 46 | 1 | 4182044038 | 5.20884 | 121.507 | 2720750
Rlog_5yr | KNN_1 | 47 | 1 | 6658450652 | 5.20884 | 121.507 | 2720750
Rlog_5yr | KNN_1 | 48 | 1 | 5893564020 | 5.20884 | 121.507 | 2720750
Rlog_5yr | KNN_1 | 49 | 1 | 1467322519 | 5.20884 | 121.507 | 2720750
Rlog_5yr | KNN_1 | 50 | 1 | 3522094244 | 5.20884 | 121.507 | 2720750
Rlog_5yr | KNN_1 | 51 | 1 | 4210576813 | 5.20884 | 121.507 | 2720750
Rlog_5yr | KNN_1 | 52 | 1 | 5902544960 | 5.20884 | 121.507 | 2720750
Rlog_5yr | KNN_1 | 53 | 1 | 4095824776 | 5.20884 | 121.507 | 2720750
Rlog_5yr | KNN_1 | 54 | 1 | 4700012646 | 5.20884 | 121.507 | 2720750
Rlog_5yr | KNN_1 | 55 | 1 | 4978755274 | 5.20884 | 121.507 | 2720750
Rlog_5yr | KNN_1 | 56 | 1 | 4591981482 | 5.20884 | 121.507 | 2720750
Rlog_5yr | KNN_1 | 57 | 1 | 5736386487 | 5.20884 | 121.507 | 2720750
Rlog_5yr | KNN_1 | 58 | 1 | 5819427052 | 5.20884 | 121.507 | 2720750
Rlog_5yr | KNN_1 | 59 | 1 | 6512288831 | 5.20884 | 121.507 | 2720750
Rlog_5yr | KNN_1 | 60 | 1 | 4015009170 | 5.20884 | 121.507 | 2720750
Rlog_5yr | KNN_1 | 61 | 1 | 6584391294 | 5.20884 | 121.507 | 2720750
Rlog_5yr | KNN_1 | 62 | 1 | 4318622422 | 5.20884 | 121.507 | 2720750
Rlog_5yr | KNN_1 | 63 | 1 | 4313734691 | 5.20884 | 121.507 | 2720750
Rlog_5yr | KNN_1 | 64 | 1 | 4849364661 | 5.20884 | 121.507 | 2720750
Rlog_5yr | KNN_1 | 65 | 1 | 3423307792 | 5.20884 | 121.507 | 2720750
Rlog_5yr | KNN_1 | 66 | 1 | 1350243458 | 5.20884 | 121.507 | 2720750
Rlog_5yr | KNN_1 | 67 | 1 | 3460272389 | 5.20884 | 121.507 | 2720750
Rlog_5yr | KNN_1 | 68 | 1 | 3418492449 | 5.20884 | 121.507 | 2720750
Rlog_5yr | KNN_1 | 69 | 1 | 3593443444 | 5.20884 | 121.507 | 2720750
Rlog_5yr | KNN_1 | 70 | 1 | 3593379272 | 5.20884 | 121.507 | 2720750
Rlog_5yr | KNN_1 | 71 | 1 | 3411917974 | 5.20884 | 121.507 | 2720750
Rlog_5yr | KNN_1 | 72 | 1 | 4660356874 | 5.20884 | 121.507 | 2720750
Rlog_5yr | KNN_1 | 73 | 1 | 4577369832 | 5.20884 | 121.507 | 2720750
Rlog_5yr | KNN_1 | 74 | 1 | 3751467265 | 5.20884 | 121.507 | 2720750
Rlog_5yr | KNN_1 | 75 | 1 | 7509662773 | 5.20884 | 121.507 | 2720750
Rlog_5yr | KNN_1 | 76 | 1 | 5736315114 | 5.20884 | 121.507 | 2720750
Rlog_5yr | KNN_1 | 77 | 1 | 4581610679 | 5.20884 | 121.507 | 2720750
Rlog_5yr | KNN_1 | 78 | 1 | 5736386520 | 5.20884 | 121.507 | 2720750
Rlog_5yr | KNN_1 | 79 | 1 | 4209802800 | 5.20884 | 121.507 | 2720750
Rlog_5yr | KNN_1 | 80 | 1 | 4310076562 | 5.20884 | 121.507 | 2720750
Rlog_5yr | KNN_1 | 81 | 1 | 5893575113 | 5.20884 | 121.507 | 2720750
Rlog_5yr | KNN_1 | 82 | 1 | 4869658291 | 5.20884 | 121.507 | 2720750
Rlog_5yr | KNN_1 | 83 | 1 | 3202204512 | 5.20884 | 121.507 | 2720750
Rlog_5yr | KNN_1 | 84 | 1 | 2896214942 | 5.20884 | 121.507 | 2720750
Rlog_5yr | KNN_1 | 85 | 1 | 3420320050 | 5.20884 | 121.507 | 2720750
Rlog_5yr | KNN_1 | 86 | 1 | 5879555480 | 5.20884 | 121.507 | 2720750
Rlog_5yr | KNN_1 | 87 | 1 | 4360927557 | 5.20884 | 121.507 | 2720750
Rlog_5yr | KNN_1 | 88 | 1 | 6509629034 | 5.20884 | 121.507 | 2720750
Rlog_5yr | KNN_1 | 89 | 1 | 4354998468 | 5.20884 | 121.507 | 2720750
Rlog_5yr | KNN_1 | 90 | 1 | 4183999835 | 5.20884 | 121.507 | 2720750
Rlog_5yr | KNN_1 | 91 | 1 | 316652684 | 5.20884 | 121.507 | 2720750
Rlog_5yr | KNN_1 | 92 | 1 | 4003424514 | 5.20884 | 121.507 | 2720750
Rlog_5yr | KNN_1 | 93 | 1 | 6227870685 | 5.20884 | 121.507 | 2720750
Rlog_5yr | KNN_1 | 94 | 1 | 4314312059 | 5.20884 | 121.507 | 2720750
Rlog_5yr | KNN_1 | 95 | 1 | 5907845855 | 5.20884 | 121.507 | 2720750
Rlog_5yr | KNN_1 | 96 | 1 | 6351721112 | 5.20884 | 121.507 | 2720750
Rlog_5yr | KNN_1 | 97 | 1 | 4179236460 | 5.20884 | 121.507 | 2720750
Rlog_5yr | KNN_1 | 98 | 1 | 7160378741 | 5.20884 | 121.507 | 2720750
Rlog_5yr | KNN_1 | 99 | 1 | 7509416348 | 5.20884 | 121.507 | 2720750
Rlog_5yr | KNN_10 | 0 | 10 | 44276561972 | 5.21223 | 121.507 | 2720750
Rlog_5yr | KNN_10 | 1 | 10 | 79853789987 | 5.21223 | 121.507 | 2720750
Rlog_5yr | KNN_10 | 2 | 10 | 48671936968 | 5.21223 | 121.507 | 2720750
Rlog_5yr | KNN_10 | 3 | 10 | 80458757809 | 5.21223 | 121.507 | 2720750
Rlog_5yr | KNN_10 | 4 | 10 | 44276568259 | 5.21223 | 121.507 | 2720750
Rlog_5yr | KNN_10 | 5 | 10 | 40147163723 | 5.21223 | 121.507 | 2720750
Rlog_5yr | KNN_10 | 6 | 10 | 61561293090 | 5.21223 | 121.507 | 2720750
Rlog_5yr | KNN_10 | 7 | 10 | 34222799988 | 5.21223 | 121.507 | 2720750
Rlog_5yr | KNN_10 | 8 | 10 | 57269707811 | 5.21223 | 121.507 | 2720750
Rlog_5yr | KNN_10 | 9 | 10 | 50359526481 | 5.21223 | 121.507 | 2720750
Rlog_5yr | KNN_10 | 10 | 10 | 51675320674 | 5.21223 | 121.507 | 2720750
Rlog_5yr | KNN_10 | 11 | 10 | 66691592565 | 5.21223 | 121.507 | 2720750
Rlog_5yr | KNN_10 | 12 | 10 | 39516560755 | 5.21223 | 121.507 | 2720750
Rlog_5yr | KNN_10 | 13 | 10 | 16296169711 | 5.21223 | 121.507 | 2720750
Rlog_5yr | KNN_10 | 14 | 10 | 37535131848 | 5.21223 | 121.507 | 2720750
Rlog_5yr | KNN_10 | 15 | 10 | 40152645010 | 5.21223 | 121.507 | 2720750
Rlog_5yr | KNN_10 | 16 | 10 | 34603287651 | 5.21223 | 121.507 | 2720750
Rlog_5yr | KNN_10 | 17 | 10 | 69298387925 | 5.21223 | 121.507 | 2720750
Rlog_5yr | KNN_10 | 18 | 10 | 59098553481 | 5.21223 | 121.507 | 2720750
Rlog_5yr | KNN_10 | 19 | 10 | 58894589821 | 5.21223 | 121.507 | 2720750
Rlog_5yr | KNN_10 | 20 | 10 | 42143252264 | 5.21223 | 121.507 | 2720750
Rlog_5yr | KNN_10 | 21 | 10 | 34602794635 | 5.21223 | 121.507 | 2720750
Rlog_5yr | KNN_10 | 22 | 10 | 65779301131 | 5.21223 | 121.507 | 2720750
Rlog_5yr | KNN_10 | 23 | 10 | 78198845570 | 5.21223 | 121.507 | 2720750
Rlog_5yr | KNN_10 | 24 | 10 | 72673337218 | 5.21223 | 121.507 | 2720750
Rlog_5yr | KNN_10 | 25 | 10 | 53369892129 | 5.21223 | 121.507 | 2720750
Rlog_5yr | KNN_10 | 26 | 10 | 43131501757 | 5.21223 | 121.507 | 2720750
Rlog_5yr | KNN_10 | 27 | 10 | 52384662637 | 5.21223 | 121.507 | 2720750
Rlog_5yr | KNN_10 | 28 | 10 | 57351752494 | 5.21223 | 121.507 | 2720750
Rlog_5yr | KNN_10 | 29 | 10 | 42098019163 | 5.21223 | 121.507 | 2720750
Rlog_5yr | KNN_10 | 30 | 10 | 43912354553 | 5.21223 | 121.507 | 2720750
Rlog_5yr | KNN_10 | 31 | 10 | 64523022925 | 5.21223 | 121.507 | 2720750
Rlog_5yr | KNN_10 | 32 | 10 | 41839545748 | 5.21223 | 121.507 | 2720750
Rlog_5yr | KNN_10 | 33 | 10 | 46644574190 | 5.21223 | 121.507 | 2720750
Rlog_5yr | KNN_10 | 34 | 10 | 63508829033 | 5.21223 | 121.507 | 2720750
Rlog_5yr | KNN_10 | 35 | 10 | 65779300929 | 5.21223 | 121.507 | 2720750
Rlog_5yr | KNN_10 | 36 | 10 | 39878916282 | 5.21223 | 121.507 | 2720750
Rlog_5yr | KNN_10 | 37 | 10 | 57931857623 | 5.21223 | 121.507 | 2720750
Rlog_5yr | KNN_10 | 38 | 10 | 75877274138 | 5.21223 | 121.507 | 2720750
Rlog_5yr | KNN_10 | 39 | 10 | 48544180618 | 5.21223 | 121.507 | 2720750
Rlog_5yr | KNN_10 | 40 | 10 | 34350906159 | 5.21223 | 121.507 | 2720750
Rlog_5yr | KNN_10 | 41 | 10 | 46918702744 | 5.21223 | 121.507 | 2720750
Rlog_5yr | KNN_10 | 42 | 10 | 41082284467 | 5.21223 | 121.507 | 2720750
Rlog_5yr | KNN_10 | 43 | 10 | 40888668160 | 5.21223 | 121.507 | 2720750
Rlog_5yr | KNN_10 | 44 | 10 | 42143252585 | 5.21223 | 121.507 | 2720750
Rlog_5yr | KNN_10 | 45 | 10 | 46805705586 | 5.21223 | 121.507 | 2720750
Rlog_5yr | KNN_10 | 46 | 10 | 40155273072 | 5.21223 | 121.507 | 2720750
Rlog_5yr | KNN_10 | 47 | 10 | 73104208860 | 5.21223 | 121.507 | 2720750
Rlog_5yr | KNN_10 | 48 | 10 | 46879581603 | 5.21223 | 121.507 | 2720750
Rlog_5yr | KNN_10 | 49 | 10 | 44740733755 | 5.21223 | 121.507 | 2720750
Rlog_5yr | KNN_10 | 50 | 10 | 61818794264 | 5.21223 | 121.507 | 2720750
Rlog_5yr | KNN_10 | 51 | 10 | 46014876771 | 5.21223 | 121.507 | 2720750
Rlog_5yr | KNN_10 | 52 | 10 | 40023400571 | 5.21223 | 121.507 | 2720750
Rlog_5yr | KNN_10 | 53 | 10 | 31084592079 | 5.21223 | 121.507 | 2720750
Rlog_5yr | KNN_10 | 54 | 10 | 41449539190 | 5.21223 | 121.507 | 2720750
Rlog_5yr | KNN_10 | 55 | 10 | 81510822811 | 5.21223 | 121.507 | 2720750
Rlog_5yr | KNN_10 | 56 | 10 | 40152594867 | 5.21223 | 121.507 | 2720750
Rlog_5yr | KNN_10 | 57 | 10 | 59098554844 | 5.21223 | 121.507 | 2720750
Rlog_5yr | KNN_10 | 58 | 10 | 54755429294 | 5.21223 | 121.507 | 2720750
Rlog_5yr | KNN_10 | 59 | 10 | 64187960833 | 5.21223 | 121.507 | 2720750
Rlog_5yr | KNN_10 | 60 | 10 | 30823325389 | 5.21223 | 121.507 | 2720750
Rlog_5yr | KNN_10 | 61 | 10 | 31877058764 | 5.21223 | 121.507 | 2720750
Rlog_5yr | KNN_10 | 62 | 10 | 46061810719 | 5.21223 | 121.507 | 2720750
Rlog_5yr | KNN_10 | 63 | 10 | 42129309611 | 5.21223 | 121.507 | 2720750
Rlog_5yr | KNN_10 | 64 | 10 | 65381200269 | 5.21223 | 121.507 | 2720750
Rlog_5yr | KNN_10 | 65 | 10 | 40150085350 | 5.21223 | 121.507 | 2720750
Rlog_5yr | KNN_10 | 66 | 10 | 40214402771 | 5.21223 | 121.507 | 2720750
Rlog_5yr | KNN_10 | 67 | 10 | 42143625640 | 5.21223 | 121.507 | 2720750
Rlog_5yr | KNN_10 | 68 | 10 | 53642848032 | 5.21223 | 121.507 | 2720750
Rlog_5yr | KNN_10 | 69 | 10 | 51734652276 | 5.21223 | 121.507 | 2720750
Rlog_5yr | KNN_10 | 70 | 10 | 57542382725 | 5.21223 | 121.507 | 2720750
Rlog_5yr | KNN_10 | 71 | 10 | 69395159064 | 5.21223 | 121.507 | 2720750
Rlog_5yr | KNN_10 | 72 | 10 | 45343544330 | 5.21223 | 121.507 | 2720750
Rlog_5yr | KNN_10 | 73 | 10 | 61395726114 | 5.21223 | 121.507 | 2720750
Rlog_5yr | KNN_10 | 74 | 10 | 61441932173 | 5.21223 | 121.507 | 2720750
Rlog_5yr | KNN_10 | 75 | 10 | 63320802674 | 5.21223 | 121.507 | 2720750
Rlog_5yr | KNN_10 | 76 | 10 | 56939576757 | 5.21223 | 121.507 | 2720750
Rlog_5yr | KNN_10 | 77 | 10 | 66441444422 | 5.21223 | 121.507 | 2720750
Rlog_5yr | KNN_10 | 78 | 10 | 34238362093 | 5.21223 | 121.507 | 2720750
Rlog_5yr | KNN_10 | 79 | 10 | 72369783942 | 5.21223 | 121.507 | 2720750
Rlog_5yr | KNN_10 | 80 | 10 | 86532634877 | 5.21223 | 121.507 | 2720750
Rlog_5yr | KNN_10 | 81 | 10 | 49456035371 | 5.21223 | 121.507 | 2720750
Rlog_5yr | KNN_10 | 82 | 10 | 64805891245 | 5.21223 | 121.507 | 2720750
Rlog_5yr | KNN_10 | 83 | 10 | 59554479409 | 5.21223 | 121.507 | 2720750
Rlog_5yr | KNN_10 | 84 | 10 | 43731090126 | 5.21223 | 121.507 | 2720750
Rlog_5yr | KNN_10 | 85 | 10 | 86997596896 | 5.21223 | 121.507 | 2720750
Rlog_5yr | KNN_10 | 86 | 10 | 51603364964 | 5.21223 | 121.507 | 2720750
Rlog_5yr | KNN_10 | 87 | 10 | 71650023425 | 5.21223 | 121.507 | 2720750
Rlog_5yr | KNN_10 | 88 | 10 | 59702447529 | 5.21223 | 121.507 | 2720750
Rlog_5yr | KNN_10 | 89 | 10 | 41792344777 | 5.21223 | 121.507 | 2720750
Rlog_5yr | KNN_10 | 90 | 10 | 40713132122 | 5.21223 | 121.507 | 2720750
Rlog_5yr | KNN_10 | 91 | 10 | 70177915850 | 5.21223 | 121.507 | 2720750
Rlog_5yr | KNN_10 | 92 | 10 | 39308011890 | 5.21223 | 121.507 | 2720750
Rlog_5yr | KNN_10 | 93 | 10 | 58060823022 | 5.21223 | 121.507 | 2720750
Rlog_5yr | KNN_10 | 94 | 10 | 65679370269 | 5.21223 | 121.507 | 2720750
Rlog_5yr | KNN_10 | 95 | 10 | 30031713948 | 5.21223 | 121.507 | 2720750
Rlog_5yr | KNN_10 | 96 | 10 | 35139653555 | 5.21223 | 121.507 | 2720750
Rlog_5yr | KNN_10 | 97 | 10 | 22895478622 | 5.21223 | 121.507 | 2720750
Rlog_5yr | KNN_10 | 98 | 10 | 46836976485 | 5.21223 | 121.507 | 2720750
Rlog_5yr | KNN_10 | 99 | 10 | 75575346721 | 5.21223 | 121.507 | 2720750
Rlog_5yr | KNN_100 | 0 | 100 | 782282299857 | 5.24297 | 121.507 | 2720750
Rlog_5yr | KNN_100 | 1 | 100 | 769602959449 | 5.24297 | 121.507 | 2720750
Rlog_5yr | KNN_100 | 2 | 100 | 689987765981 | 5.24297 | 121.507 | 2720750
Rlog_5yr | KNN_100 | 3 | 100 | 401563297640 | 5.24297 | 121.507 | 2720750
Rlog_5yr | KNN_100 | 4 | 100 | 751978407211 | 5.24297 | 121.507 | 2720750
Rlog_5yr | KNN_100 | 5 | 100 | 575888155799 | 5.24297 | 121.507 | 2720750
Rlog_5yr | KNN_100 | 6 | 100 | 712339071614 | 5.24297 | 121.507 | 2720750
Rlog_5yr | KNN_100 | 7 | 100 | 566803744413 | 5.24297 | 121.507 | 2720750
Rlog_5yr | KNN_100 | 8 | 100 | 383775271627 | 5.24297 | 121.507 | 2720750
Rlog_5yr | KNN_100 | 9 | 100 | 697082248704 | 5.24297 | 121.507 | 2720750
Rlog_5yr | KNN_100 | 10 | 100 | 521986244002 | 5.24297 | 121.507 | 2720750
Rlog_5yr | KNN_100 | 11 | 100 | 853595167156 | 5.24297 | 121.507 | 2720750
Rlog_5yr | KNN_100 | 12 | 100 | 414488921465 | 5.24297 | 121.507 | 2720750
Rlog_5yr | KNN_100 | 13 | 100 | 569658346811 | 5.24297 | 121.507 | 2720750
Rlog_5yr | KNN_100 | 14 | 100 | 605008398507 | 5.24297 | 121.507 | 2720750
Rlog_5yr | KNN_100 | 15 | 100 | 605424349661 | 5.24297 | 121.507 | 2720750
Rlog_5yr | KNN_100 | 16 | 100 | 612295633104 | 5.24297 | 121.507 | 2720750
Rlog_5yr | KNN_100 | 17 | 100 | 422090780729 | 5.24297 | 121.507 | 2720750
Rlog_5yr | KNN_100 | 18 | 100 | 398720840587 | 5.24297 | 121.507 | 2720750
Rlog_5yr | KNN_100 | 19 | 100 | 666710046312 | 5.24297 | 121.507 | 2720750
Rlog_5yr | KNN_100 | 20 | 100 | 508514049812 | 5.24297 | 121.507 | 2720750
Rlog_5yr | KNN_100 | 21 | 100 | 525068350910 | 5.24297 | 121.507 | 2720750
Rlog_5yr | KNN_100 | 22 | 100 | 856833170787 | 5.24297 | 121.507 | 2720750
Rlog_5yr | KNN_100 | 23 | 100 | 546011165469 | 5.24297 | 121.507 | 2720750
Rlog_5yr | KNN_100 | 24 | 100 | 418403578944 | 5.24297 | 121.507 | 2720750
Rlog_5yr | KNN_100 | 25 | 100 | 794937299756 | 5.24297 | 121.507 | 2720750
Rlog_5yr | KNN_100 | 26 | 100 | 634111146675 | 5.24297 | 121.507 | 2720750
Rlog_5yr | KNN_100 | 27 | 100 | 804389928035 | 5.24297 | 121.507 | 2720750
Rlog_5yr | KNN_100 | 28 | 100 | 588554485997 | 5.24297 | 121.507 | 2720750
Rlog_5yr | KNN_100 | 29 | 100 | 348255825736 | 5.24297 | 121.507 | 2720750
Rlog_5yr | KNN_100 | 30 | 100 | 341845021072 | 5.24297 | 121.507 | 2720750
Rlog_5yr | KNN_100 | 31 | 100 | 590505387401 | 5.24297 | 121.507 | 2720750
Rlog_5yr | KNN_100 | 32 | 100 | 425814102791 | 5.24297 | 121.507 | 2720750
Rlog_5yr | KNN_100 | 33 | 100 | 735928332835 | 5.24297 | 121.507 | 2720750
Rlog_5yr | KNN_100 | 34 | 100 | 673790349652 | 5.24297 | 121.507 | 2720750
Rlog_5yr | KNN_100 | 35 | 100 | 573025892499 | 5.24297 | 121.507 | 2720750
Rlog_5yr | KNN_100 | 36 | 100 | 397624524935 | 5.24297 | 121.507 | 2720750
Rlog_5yr | KNN_100 | 37 | 100 | 745456858330 | 5.24297 | 121.507 | 2720750
Rlog_5yr | KNN_100 | 38 | 100 | 406908877633 | 5.24297 | 121.507 | 2720750
Rlog_5yr | KNN_100 | 39 | 100 | 440465443596 | 5.24297 | 121.507 | 2720750
Rlog_5yr | KNN_100 | 40 | 100 | 837694321419 | 5.24297 | 121.507 | 2720750
Rlog_5yr | KNN_100 | 41 | 100 | 534213734242 | 5.24297 | 121.507 | 2720750
Rlog_5yr | KNN_100 | 42 | 100 | 529232693121 | 5.24297 | 121.507 | 2720750
Rlog_5yr | KNN_100 | 43 | 100 | 476438746831 | 5.24297 | 121.507 | 2720750
Rlog_5yr | KNN_100 | 44 | 100 | 655989168275 | 5.24297 | 121.507 | 2720750
Rlog_5yr | KNN_100 | 45 | 100 | 426237887542 | 5.24297 | 121.507 | 2720750
Rlog_5yr | KNN_100 | 46 | 100 | 474270197143 | 5.24297 | 121.507 | 2720750
Rlog_5yr | KNN_100 | 47 | 100 | 563584952577 | 5.24297 | 121.507 | 2720750
Rlog_5yr | KNN_100 | 48 | 100 | 677719267107 | 5.24297 | 121.507 | 2720750
Rlog_5yr | KNN_100 | 49 | 100 | 575427712954 | 5.24297 | 121.507 | 2720750
Rlog_5yr | KNN_100 | 50 | 100 | 547753508612 | 5.24297 | 121.507 | 2720750
Rlog_5yr | KNN_100 | 51 | 100 | 839923406129 | 5.24297 | 121.507 | 2720750
Rlog_5yr | KNN_100 | 52 | 100 | 400141591973 | 5.24297 | 121.507 | 2720750
Rlog_5yr | KNN_100 | 53 | 100 | 278236577531 | 5.24297 | 121.507 | 2720750
Rlog_5yr | KNN_100 | 54 | 100 | 479959342379 | 5.24297 | 121.507 | 2720750
Rlog_5yr | KNN_100 | 55 | 100 | 486733987354 | 5.24297 | 121.507 | 2720750
Rlog_5yr | KNN_100 | 56 | 100 | 575423768469 | 5.24297 | 121.507 | 2720750
Rlog_5yr | KNN_100 | 57 | 100 | 580851860677 | 5.24297 | 121.507 | 2720750
Rlog_5yr | KNN_100 | 58 | 100 | 618739500256 | 5.24297 | 121.507 | 2720750
Rlog_5yr | KNN_100 | 59 | 100 | 468415046663 | 5.24297 | 121.507 | 2720750
Rlog_5yr | KNN_100 | 60 | 100 | 828622104701 | 5.24297 | 121.507 | 2720750
Rlog_5yr | KNN_100 | 61 | 100 | 589937979435 | 5.24297 | 121.507 | 2720750
Rlog_5yr | KNN_100 | 62 | 100 | 579108553374 | 5.24297 | 121.507 | 2720750
Rlog_5yr | KNN_100 | 63 | 100 | 589360067160 | 5.24297 | 121.507 | 2720750
Rlog_5yr | KNN_100 | 64 | 100 | 510472162857 | 5.24297 | 121.507 | 2720750
Rlog_5yr | KNN_100 | 65 | 100 | 553249325878 | 5.24297 | 121.507 | 2720750
Rlog_5yr | KNN_100 | 66 | 100 | 766009618693 | 5.24297 | 121.507 | 2720750
Rlog_5yr | KNN_100 | 67 | 100 | 589502349022 | 5.24297 | 121.507 | 2720750
Rlog_5yr | KNN_100 | 68 | 100 | 452750350227 | 5.24297 | 121.507 | 2720750
Rlog_5yr | KNN_100 | 69 | 100 | 720098860826 | 5.24297 | 121.507 | 2720750
Rlog_5yr | KNN_100 | 70 | 100 | 492435227155 | 5.24297 | 121.507 | 2720750
Rlog_5yr | KNN_100 | 71 | 100 | 203602994122 | 5.24297 | 121.507 | 2720750
Rlog_5yr | KNN_100 | 72 | 100 | 535487240210 | 5.24297 | 121.507 | 2720750
Rlog_5yr | KNN_100 | 73 | 100 | 645329594666 | 5.24297 | 121.507 | 2720750
Rlog_5yr | KNN_100 | 74 | 100 | 571591624431 | 5.24297 | 121.507 | 2720750
Rlog_5yr | KNN_100 | 75 | 100 | 572350314971 | 5.24297 | 121.507 | 2720750
Rlog_5yr | KNN_100 | 76 | 100 | 458522765920 | 5.24297 | 121.507 | 2720750
Rlog_5yr | KNN_100 | 77 | 100 | 416377269837 | 5.24297 | 121.507 | 2720750
Rlog_5yr | KNN_100 | 78 | 100 | 376633465000 | 5.24297 | 121.507 | 2720750
Rlog_5yr | KNN_100 | 79 | 100 | 642446046518 | 5.24297 | 121.507 | 2720750
Rlog_5yr | KNN_100 | 80 | 100 | 641623569486 | 5.24297 | 121.507 | 2720750
Rlog_5yr | KNN_100 | 81 | 100 | 469977714582 | 5.24297 | 121.507 | 2720750
Rlog_5yr | KNN_100 | 82 | 100 | 847680478432 | 5.24297 | 121.507 | 2720750
Rlog_5yr | KNN_100 | 83 | 100 | 422195457815 | 5.24297 | 121.507 | 2720750
Rlog_5yr | KNN_100 | 84 | 100 | 397585722860 | 5.24297 | 121.507 | 2720750
Rlog_5yr | KNN_100 | 85 | 100 | 449194235106 | 5.24297 | 121.507 | 2720750
Rlog_5yr | KNN_100 | 86 | 100 | 517189550481 | 5.24297 | 121.507 | 2720750
Rlog_5yr | KNN_100 | 87 | 100 | 630027524206 | 5.24297 | 121.507 | 2720750
Rlog_5yr | KNN_100 | 88 | 100 | 380909666437 | 5.24297 | 121.507 | 2720750
Rlog_5yr | KNN_100 | 89 | 100 | 659903730917 | 5.24297 | 121.507 | 2720750
Rlog_5yr | KNN_100 | 90 | 100 | 481760719074 | 5.24297 | 121.507 | 2720750
Rlog_5yr | KNN_100 | 91 | 100 | 788719122067 | 5.24297 | 121.507 | 2720750
Rlog_5yr | KNN_100 | 92 | 100 | 418399930251 | 5.24297 | 121.507 | 2720750
Rlog_5yr | KNN_100 | 93 | 100 | 445118481807 | 5.24297 | 121.507 | 2720750
Rlog_5yr | KNN_100 | 94 | 100 | 484638442911 | 5.24297 | 121.507 | 2720750
Rlog_5yr | KNN_100 | 95 | 100 | 823583862440 | 5.24297 | 121.507 | 2720750
Rlog_5yr | KNN_100 | 96 | 100 | 397506041115 | 5.24297 | 121.507 | 2720750
Rlog_5yr | KNN_100 | 97 | 100 | 397506041442 | 5.24297 | 121.507 | 2720750
Rlog_5yr | KNN_100 | 98 | 100 | 435591538662 | 5.24297 | 121.507 | 2720750
Rlog_5yr | KNN_100 | 99 | 100 | 769267447239 | 5.24297 | 121.507 | 2720750
