Algo | QType | QID | Count | Hash | Time_ms | Mem_MB | Nodes
Rlog_NoSnap | Range_Small | 0 | 13 | 77370775039 | 60.4049 | 341.136 | 7518629
Rlog_NoSnap | Range_Small | 1 | 27 | 49561579100 | 60.4049 | 341.136 | 7518629
Rlog_NoSnap | Range_Small | 2 | 22 | 129856243729 | 60.4049 | 341.136 | 7518629
Rlog_NoSnap | Range_Small | 3 | 19 | 88049524995 | 60.4049 | 341.136 | 7518629
Rlog_NoSnap | Range_Small | 4 | 8 | 33823964758 | 60.4049 | 341.136 | 7518629
Rlog_NoSnap | Range_Small | 5 | 8 | 24044512384 | 60.4049 | 341.136 | 7518629
Rlog_NoSnap | Range_Small | 6 | 7 | 30210729085 | 60.4049 | 341.136 | 7518629
Rlog_NoSnap | Range_Small | 7 | 25 | 137139152206 | 60.4049 | 341.136 | 7518629
Rlog_NoSnap | Range_Small | 8 | 20 | 69205439825 | 60.4049 | 341.136 | 7518629
Rlog_NoSnap | Range_Small | 9 | 21 | 101048337549 | 60.4049 | 341.136 | 7518629
Rlog_NoSnap | Range_Small | 10 | 5 | 10444192042 | 60.4049 | 341.136 | 7518629
Rlog_NoSnap | Range_Small | 11 | 28 | 160616815470 | 60.4049 | 341.136 | 7518629
Rlog_NoSnap | Range_Small | 12 | 24 | 127664012274 | 60.4049 | 341.136 | 7518629
Rlog_NoSnap | Range_Small | 13 | 10 | 16676103951 | 60.4049 | 341.136 | 7518629
Rlog_NoSnap | Range_Small | 14 | 9 | 62398590491 | 60.4049 | 341.136 | 7518629
Rlog_NoSnap | Range_Small | 15 | 9 | 42692757318 | 60.4049 | 341.136 | 7518629
Rlog_NoSnap | Range_Small | 16 | 12 | 56426069370 | 60.4049 | 341.136 | 7518629
Rlog_NoSnap | Range_Small | 17 | 17 | 54936443278 | 60.4049 | 341.136 | 7518629
Rlog_NoSnap | Range_Small | 18 | 15 | 61335344582 | 60.4049 | 341.136 | 7518629
Rlog_NoSnap | Range_Small | 19 | 11 | 49462926783 | 60.4049 | 341.136 | 7518629
Rlog_NoSnap | Range_Small | 20 | 19 | 80035016896 | 60.4049 | 341.136 | 7518629
Rlog_NoSnap | Range_Small | 21 | 8 | 20530185936 | 60.4049 | 341.136 | 7518629
Rlog_NoSnap | Range_Small | 22 | 12 | 93336345753 | 60.4049 | 341.136 | 7518629
Rlog_NoSnap | Range_Small | 23 | 13 | 53344284802 | 60.4049 | 341.136 | 7518629
Rlog_NoSnap | Range_Small | 24 | 15 | 45064151428 | 60.4049 | 341.136 | 7518629
Rlog_NoSnap | Range_Small | 25 | 23 | 109186965647 | 60.4049 | 341.136 | 7518629
Rlog_NoSnap | Range_Small | 26 | 9 | 37895187985 | 60.4049 | 341.136 | 7518629
Rlog_NoSnap | Range_Small | 27 | 17 | 135957155180 | 60.4049 | 341.136 | 7518629
Rlog_NoSnap | Range_Small | 28 | 19 | 76366734289 | 60.4049 | 341.136 | 7518629
Rlog_NoSnap | Range_Small | 29 | 6 | 39220518399 | 60.4049 | 341.136 | 7518629
Rlog_NoSnap | Range_Small | 30 | 19 | 104339740614 | 60.4049 | 341.136 | 7518629
Rlog_NoSnap | Range_Small | 31 | 9 | 38807608900 | 60.4049 | 341.136 | 7518629
Rlog_NoSnap | Range_Small | 32 | 6 | 8801635337 | 60.4049 | 341.136 | 7518629
Rlog_NoSnap | Range_Small | 33 | 28 | 129436243686 | 60.4049 | 341.136 | 7518629
Rlog_NoSnap | Range_Small | 34 | 28 | 129246907479 | 60.4049 | 341.136 | 7518629
Rlog_NoSnap | Range_Small | 35 | 24 | 101070123450 | 60.4049 | 341.136 | 7518629
Rlog_NoSnap | Range_Small | 36 | 12 | 17604892328 | 60.4049 | 341.136 | 7518629
Rlog_NoSnap | Range_Small | 37 | 7 | 27834564444 | 60.4049 | 341.136 | 7518629
Rlog_NoSnap | Range_Small | 38 | 21 | 83514776807 | 60.4049 | 341.136 | 7518629
Rlog_NoSnap | Range_Small | 39 | 15 | 72638005405 | 60.4049 | 341.136 | 7518629
Rlog_NoSnap | Range_Small | 40 | 7 | 46133617634 | 60.4049 | 341.136 | 7518629
Rlog_NoSnap | Range_Small | 41 | 16 | 101614879464 | 60.4049 | 341.136 | 7518629
Rlog_NoSnap | Range_Small | 42 | 5 | 14507821290 | 60.4049 | 341.136 | 7518629
Rlog_NoSnap | Range_Small | 43 | 26 | 109746726127 | 60.4049 | 341.136 | 7518629
Rlog_NoSnap | Range_Small | 44 | 11 | 58898106141 | 60.4049 | 341.136 | 7518629
Rlog_NoSnap | Range_Small | 45 | 20 | 117435516959 | 60.4049 | 341.136 | 7518629
Rlog_NoSnap | Range_Small | 46 | 13 | 55049055046 | 60.4049 | 341.136 | 7518629
Rlog_NoSnap | Range_Small | 47 | 17 | 67184759025 | 60.4049 | 341.136 | 7518629
Rlog_NoSnap | Range_Small | 48 | 18 | 83034164318 | 60.4049 | 341.136 | 7518629
Rlog_NoSnap | Range_Small | 49 | 9 | 24947727362 | 60.4049 | 341.136 | 7518629
Rlog_NoSnap | Range_Small | 50 | 28 | 180664455452 | 60.4049 | 341.136 | 7518629
Rlog_NoSnap | Range_Small | 51 | 23 | 97483100042 | 60.4049 | 341.136 | 7518629
Rlog_NoSnap | Range_Small | 52 | 27 | 113726440350 | 60.4049 | 341.136 | 7518629
Rlog_NoSnap | Range_Small | 53 | 26 | 174417466109 | 60.4049 | 341.136 | 7518629
Rlog_NoSnap | Range_Small | 54 | 19 | 112477674848 | 60.4049 | 341.136 | 7518629
Rlog_NoSnap | Range_Small | 55 | 27 | 111862404242 | 60.4049 | 341.136 | 7518629
Rlog_NoSnap | Range_Small | 56 | 7 | 32335554203 | 60.4049 | 341.136 | 7518629
Rlog_NoSnap | Range_Small | 57 | 9 | 39700892006 | 60.4049 | 341.136 | 7518629
Rlog_NoSnap | Range_Small | 58 | 6 | 45097055733 | 60.4049 | 341.136 | 7518629
Rlog_NoSnap | Range_Small | 59 | 12 | 77427663192 | 60.4049 | 341.136 | 7518629
Rlog_NoSnap | Range_Small | 60 | 14 | 82032329885 | 60.4049 | 341.136 | 7518629
Rlog_NoSnap | Range_Small | 61 | 11 | 50334636290 | 60.4049 | 341.136 | 7518629
Rlog_NoSnap | Range_Small | 62 | 24 | 111871727018 | 60.4049 | 341.136 | 7518629
Rlog_NoSnap | Range_Small | 63 | 12 | 67037267883 | 60.4049 | 341.136 | 7518629
Rlog_NoSnap | Range_Small | 64 | 11 | 51700143084 | 60.4049 | 341.136 | 7518629
Rlog_NoSnap | Range_Small | 65 | 18 | 72272656457 | 60.4049 | 341.136 | 7518629
Rlog_NoSnap | Range_Small | 66 | 8 | 36935506388 | 60.4049 | 341.136 | 7518629
Rlog_NoSnap | Range_Small | 67 | 24 | 79451503086 | 60.4049 | 341.136 | 7518629
Rlog_NoSnap | Range_Small | 68 | 6 | 8802443682 | 60.4049 | 341.136 | 7518629
Rlog_NoSnap | Range_Small | 69 | 28 | 118567150726 | 60.4049 | 341.136 | 7518629
Rlog_NoSnap | Range_Small | 70 | 23 | 96914505325 | 60.4049 | 341.136 | 7518629
Rlog_NoSnap | Range_Small | 71 | 9 | 36799155539 | 60.4049 | 341.136 | 7518629
Rlog_NoSnap | Range_Small | 72 | 5 | 7335359529 | 60.4049 | 341.136 | 7518629
Rlog_NoSnap | Range_Small | 73 | 24 | 91139606130 | 60.4049 | 341.136 | 7518629
Rlog_NoSnap | Range_Small | 74 | 21 | 115889080538 | 60.4049 | 341.136 | 7518629
Rlog_NoSnap | Range_Small | 75 | 22 | 130030090098 | 60.4049 | 341.136 | 7518629
Rlog_NoSnap | Range_Small | 76 | 23 | 88701705330 | 60.4049 | 341.136 | 7518629
Rlog_NoSnap | Range_Small | 77 | 6 | 36791632285 | 60.4049 | 341.136 | 7518629
Rlog_NoSnap | Range_Small | 78 | 14 | 64679200958 | 60.4049 | 341.136 | 7518629
Rlog_NoSnap | Range_Small | 79 | 7 | 29419315026 | 60.4049 | 341.136 | 7518629
Rlog_NoSnap | Range_Small | 80 | 25 | 105935872199 | 60.4049 | 341.136 | 7518629
Rlog_NoSnap | Range_Small | 81 | 18 | 75699387441 | 60.4049 | 341.136 | 7518629
Rlog_NoSnap | Range_Small | 82 | 12 | 36060674260 | 60.4049 | 341.136 | 7518629
Rlog_NoSnap | Range_Small | 83 | 6 | 25235680887 | 60.4049 | 341.136 | 7518629
Rlog_NoSnap | Range_Small | 84 | 12 | 75262948400 | 60.4049 | 341.136 | 7518629
Rlog_NoSnap | Range_Small | 85 | 12 | 75701376608 | 60.4049 | 341.136 | 7518629
Rlog_NoSnap | Range_Small | 86 | 22 | 102617147316 | 60.4049 | 341.136 | 7518629
Rlog_NoSnap | Range_Small | 87 | 20 | 80302261221 | 60.4049 | 341.136 | 7518629
Rlog_NoSnap | Range_Small | 88 | 26 | 119764897320 | 60.4049 | 341.136 | 7518629
Rlog_NoSnap | Range_Small | 89 | 16 | 67378291398 | 60.4049 | 341.136 | 7518629
Rlog_NoSnap | Range_Small | 90 | 7 | 54446188559 | 60.4049 | 341.136 | 7518629
Rlog_NoSnap | Range_Small | 91 | 22 | 70672169187 | 60.4049 | 341.136 | 7518629
Rlog_NoSnap | Range_Small | 92 | 23 | 131935218346 | 60.4049 | 341.136 | 7518629
Rlog_NoSnap | Range_Small | 93 | 18 | 79866573795 | 60.4049 | 341.136 | 7518629
Rlog_NoSnap | Range_Small | 94 | 23 | 105071029149 | 60.4049 | 341.136 | 7518629
Rlog_NoSnap | Range_Small | 95 | 16 | 31812406674 | 60.4049 | 341.136 | 7518629
Rlog_NoSnap | Range_Small | 96 | 17 | 95793647740 | 60.4049 | 341.136 | 7518629
Rlog_NoSnap | Range_Small | 97 | 15 | 48307626664 | 60.4049 | 341.136 | 7518629
Rlog_NoSnap | Range_Small | 98 | 5 | 24701734710 | 60.4049 | 341.136 | 7518629
Rlog_NoSnap | Range_Small | 99 | 7 | 26994617045 | 60.4049 | 341.136 | 7518629
Rlog_NoSnap | Range_Med | 0 | 53 | 367269082654 | 60.4475 | 341.136 | 7518629
Rlog_NoSnap | Range_Med | 1 | 524 | 2766075079523 | 60.4475 | 341.136 | 7518629
Rlog_NoSnap | Range_Med | 2 | 274 | 1264967583963 | 60.4475 | 341.136 | 7518629
Rlog_NoSnap | Range_Med | 3 | 424 | 2226586653067 | 60.4475 | 341.136 | 7518629
Rlog_NoSnap | Range_Med | 4 | 735 | 2337666494761 | 60.4475 | 341.136 | 7518629
Rlog_NoSnap | Range_Med | 5 | 222 | 1041831354249 | 60.4475 | 341.136 | 7518629
Rlog_NoSnap | Range_Med | 6 | 348 | 1592408352620 | 60.4475 | 341.136 | 7518629
Rlog_NoSnap | Range_Med | 7 | 616 | 2635840243246 | 60.4475 | 341.136 | 7518629
Rlog_NoSnap | Range_Med | 8 | 207 | 1087977071370 | 60.4475 | 341.136 | 7518629
Rlog_NoSnap | Range_Med | 9 | 88 | 422013228854 | 60.4475 | 341.136 | 7518629
Rlog_NoSnap | Range_Med | 10 | 254 | 1418340055604 | 60.4475 | 341.136 | 7518629
Rlog_NoSnap | Range_Med | 11 | 154 | 1191030654241 | 60.4475 | 341.136 | 7518629
Rlog_NoSnap | Range_Med | 12 | 752 | 3333016393395 | 60.4475 | 341.136 | 7518629
Rlog_NoSnap | Range_Med | 13 | 657 | 2818465291440 | 60.4475 | 341.136 | 7518629
Rlog_NoSnap | Range_Med | 14 | 521 | 2131718168068 | 60.4475 | 341.136 | 7518629
Rlog_NoSnap | Range_Med | 15 | 706 | 3265690609792 | 60.4475 | 341.136 | 7518629
Rlog_NoSnap | Range_Med | 16 | 654 | 2599908174797 | 60.4475 | 341.136 | 7518629
Rlog_NoSnap | Range_Med | 17 | 174 | 727817443013 | 60.4475 | 341.136 | 7518629
Rlog_NoSnap | Range_Med | 18 | 723 | 3982225673890 | 60.4475 | 341.136 | 7518629
Rlog_NoSnap | Range_Med | 19 | 448 | 1579876613540 | 60.4475 | 341.136 | 7518629
Rlog_NoSnap | Range_Med | 20 | 657 | 2246877726846 | 60.4475 | 341.136 | 7518629
Rlog_NoSnap | Range_Med | 21 | 726 | 2993295965546 | 60.4475 | 341.136 | 7518629
Rlog_NoSnap | Range_Med | 22 | 276 | 1849298160669 | 60.4475 | 341.136 | 7518629
Rlog_NoSnap | Range_Med | 23 | 114 | 457712237601 | 60.4475 | 341.136 | 7518629
Rlog_NoSnap | Range_Med | 24 | 206 | 1014381552697 | 60.4475 | 341.136 | 7518629
Rlog_NoSnap | Range_Med | 25 | 361 | 1072582736095 | 60.4475 | 341.136 | 7518629
Rlog_NoSnap | Range_Med | 26 | 665 | 2772109566877 | 60.4475 | 341.136 | 7518629
Rlog_NoSnap | Range_Med | 27 | 698 | 2998860143900 | 60.4475 | 341.136 | 7518629
Rlog_NoSnap | Range_Med | 28 | 34 | 119748120536 | 60.4475 | 341.136 | 7518629
Rlog_NoSnap | Range_Med | 29 | 426 | 2222130688130 | 60.4475 | 341.136 | 7518629
Rlog_NoSnap | Range_Med | 30 | 353 | 1614749121239 | 60.4475 | 341.136 | 7518629
Rlog_NoSnap | Range_Med | 31 | 201 | 1084884651476 | 60.4475 | 341.136 | 7518629
Rlog_NoSnap | Range_Med | 32 | 122 | 489676504281 | 60.4475 | 341.136 | 7518629
Rlog_NoSnap | Range_Med | 33 | 293 | 1295325279910 | 60.4475 | 341.136 | 7518629
Rlog_NoSnap | Range_Med | 34 | 762 | 2908019968964 | 60.4475 | 341.136 | 7518629
Rlog_NoSnap | Range_Med | 35 | 280 | 1113238852179 | 60.4475 | 341.136 | 7518629
Rlog_NoSnap | Range_Med | 36 | 433 | 2004364520961 | 60.4475 | 341.136 | 7518629
Rlog_NoSnap | Range_Med | 37 | 575 | 2422913578127 | 60.4475 | 341.136 | 7518629
Rlog_NoSnap | Range_Med | 38 | 311 | 1476863838981 | 60.4475 | 341.136 | 7518629
Rlog_NoSnap | Range_Med | 39 | 786 | 3143898539638 | 60.4475 | 341.136 | 7518629
Rlog_NoSnap | Range_Med | 40 | 777 | 3131031757607 | 60.4475 | 341.136 | 7518629
Rlog_NoSnap | Range_Med | 41 | 224 | 1179883783443 | 60.4475 | 341.136 | 7518629
Rlog_NoSnap | Range_Med | 42 | 415 | 1471017666605 | 60.4475 | 341.136 | 7518629
Rlog_NoSnap | Range_Med | 43 | 263 | 910072078040 | 60.4475 | 341.136 | 7518629
Rlog_NoSnap | Range_Med | 44 | 250 | 901976044088 | 60.4475 | 341.136 | 7518629
Rlog_NoSnap | Range_Med | 45 | 57 | 253935593706 | 60.4475 | 341.136 | 7518629
Rlog_NoSnap | Range_Med | 46 | 503 | 1914657412031 | 60.4475 | 341.136 | 7518629
Rlog_NoSnap | Range_Med | 47 | 421 | 1700309861656 | 60.4475 | 341.136 | 7518629
Rlog_NoSnap | Range_Med | 48 | 68 | 196755611074 | 60.4475 | 341.136 | 7518629
Rlog_NoSnap | Range_Med | 49 | 245 | 1024070607866 | 60.4475 | 341.136 | 7518629
Rlog_NoSnap | Range_Med | 50 | 733 | 4389949988457 | 60.4475 | 341.136 | 7518629
Rlog_NoSnap | Range_Med | 51 | 215 | 1126270195039 | 60.4475 | 341.136 | 7518629
Rlog_NoSnap | Range_Med | 52 | 141 | 648905005323 | 60.4475 | 341.136 | 7518629
Rlog_NoSnap | Range_Med | 53 | 410 | 2210028962462 | 60.4475 | 341.136 | 7518629
Rlog_NoSnap | Range_Med | 54 | 795 | 3276587944229 | 60.4475 | 341.136 | 7518629
Rlog_NoSnap | Range_Med | 55 | 217 | 1008731403299 | 60.4475 | 341.136 | 7518629
Rlog_NoSnap | Range_Med | 56 | 552 | 1659124407049 | 60.4475 | 341.136 | 7518629
Rlog_NoSnap | Range_Med | 57 | 621 | 2502563475013 | 60.4475 | 341.136 | 7518629
Rlog_NoSnap | Range_Med | 58 | 214 | 851062084633 | 60.4475 | 341.136 | 7518629
Rlog_NoSnap | Range_Med | 59 | 595 | 3191498587093 | 60.4475 | 341.136 | 7518629
Rlog_NoSnap | Range_Med | 60 | 314 | 1443926942026 | 60.4475 | 341.136 | 7518629
Rlog_NoSnap | Range_Med | 61 | 520 | 3831367242577 | 60.4475 | 341.136 | 7518629
Rlog_NoSnap | Range_Med | 62 | 521 | 2072615945417 | 60.4475 | 341.136 | 7518629
Rlog_NoSnap | Range_Med | 63 | 445 | 2636830213905 | 60.4475 | 341.136 | 7518629
Rlog_NoSnap | Range_Med | 64 | 99 | 593445012959 | 60.4475 | 341.136 | 7518629
Rlog_NoSnap | Range_Med | 65 | 678 | 2528541826534 | 60.4475 | 341.136 | 7518629
Rlog_NoSnap | Range_Med | 66 | 278 | 1182390313748 | 60.4475 | 341.136 | 7518629
Rlog_NoSnap | Range_Med | 67 | 174 | 934344986826 | 60.4475 | 341.136 | 7518629
Rlog_NoSnap | Range_Med | 68 | 60 | 301243659342 | 60.4475 | 341.136 | 7518629
Rlog_NoSnap | Range_Med | 69 | 488 | 2007353929342 | 60.4475 | 341.136 | 7518629
Rlog_NoSnap | Range_Med | 70 | 555 | 2366197092112 | 60.4475 | 341.136 | 7518629
Rlog_NoSnap | Range_Med | 71 | 41 | 164579253671 | 60.4475 | 341.136 | 7518629
Rlog_NoSnap | Range_Med | 72 | 426 | 2612277788992 | 60.4475 | 341.136 | 7518629
Rlog_NoSnap | Range_Med | 73 | 205 | 835953205056 | 60.4475 | 341.136 | 7518629
Rlog_NoSnap | Range_Med | 74 | 531 | 1508405133381 | 60.4475 | 341.136 | 7518629
Rlog_NoSnap | Range_Med | 75 | 164 | 1097777815680 | 60.4475 | 341.136 | 7518629
Rlog_NoSnap | Range_Med | 76 | 566 | 2369736031701 | 60.4475 | 341.136 | 7518629
Rlog_NoSnap | Range_Med | 77 | 329 | 1458174691611 | 60.4475 | 341.136 | 7518629
Rlog_NoSnap | Range_Med | 78 | 757 | 4707335737555 | 60.4475 | 341.136 | 7518629
Rlog_NoSnap | Range_Med | 79 | 135 | 686887885867 | 60.4475 | 341.136 | 7518629
Rlog_NoSnap | Range_Med | 80 | 294 | 1729269727211 | 60.4475 | 341.136 | 7518629
Rlog_NoSnap | Range_Med | 81 | 117 | 463500077162 | 60.4475 | 341.136 | 7518629
Rlog_NoSnap | Range_Med | 82 | 748 | 3422775201303 | 60.4475 | 341.136 | 7518629
Rlog_NoSnap | Range_Med | 83 | 712 | 3936338041039 | 60.4475 | 341.136 | 7518629
Rlog_NoSnap | Range_Med | 84 | 229 | 910569695605 | 60.4475 | 341.136 | 7518629
Rlog_NoSnap | Range_Med | 85 | 542 | 2020134368899 | 60.4475 | 341.136 | 7518629
Rlog_NoSnap | Range_Med | 86 | 664 | 5209771500996 | 60.4475 | 341.136 | 7518629
Rlog_NoSnap | Range_Med | 87 | 460 | 1986273687275 | 60.4475 | 341.136 | 7518629
Rlog_NoSnap | Range_Med | 88 | 441 | 1758777845656 | 60.4475 | 341.136 | 7518629
Rlog_NoSnap | Range_Med | 89 | 217 | 1106265357361 | 60.4475 | 341.136 | 7518629
Rlog_NoSnap | Range_Med | 90 | 101 | 761225411344 | 60.4475 | 341.136 | 7518629
Rlog_NoSnap | Range_Med | 91 | 727 | 3363632499958 | 60.4475 | 341.136 | 7518629
Rlog_NoSnap | Range_Med | 92 | 730 | 4233905215837 | 60.4475 | 341.136 | 7518629
Rlog_NoSnap | Range_Med | 93 | 521 | 2642032589787 | 60.4475 | 341.136 | 7518629
Rlog_NoSnap | Range_Med | 94 | 292 | 1272481195518 | 60.4475 | 341.136 | 7518629
Rlog_NoSnap | Range_Med | 95 | 300 | 1445761021825 | 60.4475 | 341.136 | 7518629
Rlog_NoSnap | Range_Med | 96 | 593 | 3085204996525 | 60.4475 | 341.136 | 7518629
Rlog_NoSnap | Range_Med | 97 | 726 | 4649918779681 | 60.4475 | 341.136 | 7518629
Rlog_NoSnap | Range_Med | 98 | 718 | 3056139421283 | 60.4475 | 341.136 | 7518629
Rlog_NoSnap | Range_Med | 99 | 635 | 4302529581235 | 60.4475 | 341.136 | 7518629
Rlog_NoSnap | Range_Large | 0 | 2359 | 12377664822298 | 60.8392 | 341.136 | 7518629
Rlog_NoSnap | Range_Large | 1 | 1009 | 5715465192603 | 60.8392 | 341.136 | 7518629
Rlog_NoSnap | Range_Large | 2 | 1197 | 5964416338802 | 60.8392 | 341.136 | 7518629
Rlog_NoSnap | Range_Large | 3 | 2980 | 16637430721340 | 60.8392 | 341.136 | 7518629
Rlog_NoSnap | Range_Large | 4 | 2273 | 11220879355703 | 60.8392 | 341.136 | 7518629
Rlog_NoSnap | Range_Large | 5 | 829 | 3317061893951 | 60.8392 | 341.136 | 7518629
Rlog_NoSnap | Range_Large | 6 | 1052 | 4787612655631 | 60.8392 | 341.136 | 7518629
Rlog_NoSnap | Range_Large | 7 | 2411 | 16548094910349 | 60.8392 | 341.136 | 7518629
Rlog_NoSnap | Range_Large | 8 | 819 | 3700892109381 | 60.8392 | 341.136 | 7518629
Rlog_NoSnap | Range_Large | 9 | 1195 | 4982984515346 | 60.8392 | 341.136 | 7518629
Rlog_NoSnap | Range_Large | 10 | 2133 | 10949972616387 | 60.8392 | 341.136 | 7518629
Rlog_NoSnap | Range_Large | 11 | 2480 | 12638212196059 | 60.8392 | 341.136 | 7518629
Rlog_NoSnap | Range_Large | 12 | 2383 | 9924190863920 | 60.8392 | 341.136 | 7518629
Rlog_NoSnap | Range_Large | 13 | 1349 | 5309125237061 | 60.8392 | 341.136 | 7518629
Rlog_NoSnap | Range_Large | 14 | 2529 | 12092368792586 | 60.8392 | 341.136 | 7518629
Rlog_NoSnap | Range_Large | 15 | 1380 | 6885102889117 | 60.8392 | 341.136 | 7518629
Rlog_NoSnap | Range_Large | 16 | 1593 | 6205267578380 | 60.8392 | 341.136 | 7518629
Rlog_NoSnap | Range_Large | 17 | 2610 | 10773701648482 | 60.8392 | 341.136 | 7518629
Rlog_NoSnap | Range_Large | 18 | 2377 | 10958055019649 | 60.8392 | 341.136 | 7518629
Rlog_NoSnap | Range_Large | 19 | 2860 | 14172033183402 | 60.8392 | 341.136 | 7518629
Rlog_NoSnap | Range_Large | 20 | 2397 | 10057958197597 | 60.8392 | 341.136 | 7518629
Rlog_NoSnap | Range_Large | 21 | 2181 | 10303957137914 | 60.8392 | 341.136 | 7518629
Rlog_NoSnap | Range_Large | 22 | 1033 | 5381626816627 | 60.8392 | 341.136 | 7518629
Rlog_NoSnap | Range_Large | 23 | 1696 | 8216773035745 | 60.8392 | 341.136 | 7518629
Rlog_NoSnap | Range_Large | 24 | 1448 | 5859081453960 | 60.8392 | 341.136 | 7518629
Rlog_NoSnap | Range_Large | 25 | 1396 | 6522975357910 | 60.8392 | 341.136 | 7518629
Rlog_NoSnap | Range_Large | 26 | 3159 | 12380578290982 | 60.8392 | 341.136 | 7518629
Rlog_NoSnap | Range_Large | 27 | 1757 | 9560742047776 | 60.8392 | 341.136 | 7518629
Rlog_NoSnap | Range_Large | 28 | 2964 | 11368105648251 | 60.8392 | 341.136 | 7518629
Rlog_NoSnap | Range_Large | 29 | 2334 | 9619203568285 | 60.8392 | 341.136 | 7518629
Rlog_NoSnap | Range_Large | 30 | 2728 | 10473242492598 | 60.8392 | 341.136 | 7518629
Rlog_NoSnap | Range_Large | 31 | 2022 | 12368751694689 | 60.8392 | 341.136 | 7518629
Rlog_NoSnap | Range_Large | 32 | 2201 | 12222532625663 | 60.8392 | 341.136 | 7518629
Rlog_NoSnap | Range_Large | 33 | 1996 | 12090392189401 | 60.8392 | 341.136 | 7518629
Rlog_NoSnap | Range_Large | 34 | 1280 | 5089299897890 | 60.8392 | 341.136 | 7518629
Rlog_NoSnap | Range_Large | 35 | 2554 | 11423696804004 | 60.8392 | 341.136 | 7518629
Rlog_NoSnap | Range_Large | 36 | 1486 | 8000162812424 | 60.8392 | 341.136 | 7518629
Rlog_NoSnap | Range_Large | 37 | 865 | 5088487315240 | 60.8392 | 341.136 | 7518629
Rlog_NoSnap | Range_Large | 38 | 2367 | 10834686465234 | 60.8392 | 341.136 | 7518629
Rlog_NoSnap | Range_Large | 39 | 1235 | 7670374359080 | 60.8392 | 341.136 | 7518629
Rlog_NoSnap | Range_Large | 40 | 3078 | 13963065424445 | 60.8392 | 341.136 | 7518629
Rlog_NoSnap | Range_Large | 41 | 3113 | 15599363362383 | 60.8392 | 341.136 | 7518629
Rlog_NoSnap | Range_Large | 42 | 3019 | 18802641238360 | 60.8392 | 341.136 | 7518629
Rlog_NoSnap | Range_Large | 43 | 1702 | 10024517513188 | 60.8392 | 341.136 | 7518629
Rlog_NoSnap | Range_Large | 44 | 845 | 5564856105599 | 60.8392 | 341.136 | 7518629
Rlog_NoSnap | Range_Large | 45 | 3051 | 12662201487979 | 60.8392 | 341.136 | 7518629
Rlog_NoSnap | Range_Large | 46 | 1842 | 7855884879449 | 60.8392 | 341.136 | 7518629
Rlog_NoSnap | Range_Large | 47 | 3144 | 17167113513611 | 60.8392 | 341.136 | 7518629
Rlog_NoSnap | Range_Large | 48 | 3137 | 14952630813050 | 60.8392 | 341.136 | 7518629
Rlog_NoSnap | Range_Large | 49 | 2869 | 9554893081755 | 60.8392 | 341.136 | 7518629
Rlog_NoSnap | Range_Large | 50 | 1518 | 6133475251575 | 60.8392 | 341.136 | 7518629
Rlog_NoSnap | Range_Large | 51 | 1738 | 8241812212916 | 60.8392 | 341.136 | 7518629
Rlog_NoSnap | Range_Large | 52 | 2865 | 12019246042188 | 60.8392 | 341.136 | 7518629
Rlog_NoSnap | Range_Large | 53 | 1573 | 7844525649390 | 60.8392 | 341.136 | 7518629
Rlog_NoSnap | Range_Large | 54 | 1216 | 4801684511755 | 60.8392 | 341.136 | 7518629
Rlog_NoSnap | Range_Large | 55 | 2153 | 9003306719739 | 60.8392 | 341.136 | 7518629
Rlog_NoSnap | Range_Large | 56 | 3070 | 18452340040119 | 60.8392 | 341.136 | 7518629
Rlog_NoSnap | Range_Large | 57 | 2490 | 12922024311716 | 60.8392 | 341.136 | 7518629
Rlog_NoSnap | Range_Large | 58 | 2184 | 9880636644253 | 60.8392 | 341.136 | 7518629
Rlog_NoSnap | Range_Large | 59 | 1041 | 4702613398980 | 60.8392 | 341.136 | 7518629
Rlog_NoSnap | Range_Large | 60 | 2294 | 13241265234997 | 60.8392 | 341.136 | 7518629
Rlog_NoSnap | Range_Large | 61 | 3200 | 12853316041838 | 60.8392 | 341.136 | 7518629
Rlog_NoSnap | Range_Large | 62 | 1145 | 4580126244629 | 60.8392 | 341.136 | 7518629
Rlog_NoSnap | Range_Large | 63 | 2060 | 8308951164767 | 60.8392 | 341.136 | 7518629
Rlog_NoSnap | Range_Large | 64 | 2928 | 12290125348832 | 60.8392 | 341.136 | 7518629
Rlog_NoSnap | Range_Large | 65 | 2597 | 11675358954083 | 60.8392 | 341.136 | 7518629
Rlog_NoSnap | Range_Large | 66 | 2491 | 8742283813390 | 60.8392 | 341.136 | 7518629
Rlog_NoSnap | Range_Large | 67 | 2505 | 11999091049241 | 60.8392 | 341.136 | 7518629
Rlog_NoSnap | Range_Large | 68 | 1676 | 6556486040669 | 60.8392 | 341.136 | 7518629
Rlog_NoSnap | Range_Large | 69 | 1516 | 6316220529596 | 60.8392 | 341.136 | 7518629
Rlog_NoSnap | Range_Large | 70 | 2764 | 11712426938158 | 60.8392 | 341.136 | 7518629
Rlog_NoSnap | Range_Large | 71 | 2765 | 11046821627323 | 60.8392 | 341.136 | 7518629
Rlog_NoSnap | Range_Large | 72 | 2903 | 16853712708815 | 60.8392 | 341.136 | 7518629
Rlog_NoSnap | Range_Large | 73 | 3015 | 9095443713975 | 60.8392 | 341.136 | 7518629
Rlog_NoSnap | Range_Large | 74 | 2043 | 7044037396948 | 60.8392 | 341.136 | 7518629
Rlog_NoSnap | Range_Large | 75 | 2020 | 11050489812606 | 60.8392 | 341.136 | 7518629
Rlog_NoSnap | Range_Large | 76 | 2736 | 11646261704162 | 60.8392 | 341.136 | 7518629
Rlog_NoSnap | Range_Large | 77 | 2379 | 9642288523929 | 60.8392 | 341.136 | 7518629
Rlog_NoSnap | Range_Large | 78 | 2503 | 10119462518139 | 60.8392 | 341.136 | 7518629
Rlog_NoSnap | Range_Large | 79 | 2731 | 8503430895225 | 60.8392 | 341.136 | 7518629
Rlog_NoSnap | Range_Large | 80 | 2959 | 15614126426684 | 60.8392 | 341.136 | 7518629
Rlog_NoSnap | Range_Large | 81 | 1624 | 6410278970237 | 60.8392 | 341.136 | 7518629
Rlog_NoSnap | Range_Large | 82 | 1715 | 5768429248328 | 60.8392 | 341.136 | 7518629
Rlog_NoSnap | Range_Large | 83 | 1034 | 5616599101854 | 60.8392 | 341.136 | 7518629
Rlog_NoSnap | Range_Large | 84 | 2205 | 12523461047654 | 60.8392 | 341.136 | 7518629
Rlog_NoSnap | Range_Large | 85 | 893 | 3740801204774 | 60.8392 | 341.136 | 7518629
Rlog_NoSnap | Range_Large | 86 | 1932 | 7544511000835 | 60.8392 | 341.136 | 7518629
Rlog_NoSnap | Range_Large | 87 | 2119 | 16185115833647 | 60.8392 | 341.136 | 7518629
Rlog_NoSnap | Range_Large | 88 | 1499 | 9425743597001 | 60.8392 | 341.136 | 7518629
Rlog_NoSnap | Range_Large | 89 | 2235 | 11558129589906 | 60.8392 | 341.136 | 7518629
Rlog_NoSnap | Range_Large | 90 | 880 | 3507688462866 | 60.8392 | 341.136 | 7518629
Rlog_NoSnap | Range_Large | 91 | 897 | 2681912097031 | 60.8392 | 341.136 | 7518629
Rlog_NoSnap | Range_Large | 92 | 2796 | 11282140257961 | 60.8392 | 341.136 | 7518629
Rlog_NoSnap | Range_Large | 93 | 1677 | 7954230451248 | 60.8392 | 341.136 | 7518629
Rlog_NoSnap | Range_Large | 94 | 1113 | 4569561465729 | 60.8392 | 341.136 | 7518629
Rlog_NoSnap | Range_Large | 95 | 2068 | 12320871693375 | 60.8392 | 341.136 | 7518629
Rlog_NoSnap | Range_Large | 96 | 2668 | 11012379040069 | 60.8392 | 341.136 | 7518629
Rlog_NoSnap | Range_Large | 97 | 1328 | 7798166720681 | 60.8392 | 341.136 | 7518629
Rlog_NoSnap | Range_Large | 98 | 2315 | 11664672429964 | 60.8392 | 341.136 | 7518629
Rlog_NoSnap | Range_Large | 99 | 1013 | 6145843196298 | 60.8392 | 341.136 | 7518629
Rlog_NoSnap | KNN_1 | 0 | 1 | 4575841336 | 59.7987 | 341.136 | 7518629
Rlog_NoSnap | KNN_1 | 1 | 1 | 3960120691 | 59.7987 | 341.136 | 7518629
Rlog_NoSnap | KNN_1 | 2 | 1 | 4179152093 | 59.7987 | 341.136 | 7518629
Rlog_NoSnap | KNN_1 | 3 | 1 | 7151423382 | 59.7987 | 341.136 | 7518629
Rlog_NoSnap | KNN_1 | 4 | 1 | 4214313625 | 59.7987 | 341.136 | 7518629
Rlog_NoSnap | KNN_1 | 5 | 1 | 5859404852 | 59.7987 | 341.136 | 7518629
Rlog_NoSnap | KNN_1 | 6 | 1 | 4015147406 | 59.7987 | 341.136 | 7518629
Rlog_NoSnap | KNN_1 | 7 | 1 | 3003601979 | 59.7987 | 341.136 | 7518629
Rlog_NoSnap | KNN_1 | 8 | 1 | 6536688027 | 59.7987 | 341.136 | 7518629
Rlog_NoSnap | KNN_1 | 9 | 1 | 4014716998 | 59.7987 | 341.136 | 7518629
Rlog_NoSnap | KNN_1 | 10 | 1 | 3005749028 | 59.7987 | 341.136 | 7518629
Rlog_NoSnap | KNN_1 | 11 | 1 | 3612706739 | 59.7987 | 341.136 | 7518629
Rlog_NoSnap | KNN_1 | 12 | 1 | 4201793669 | 59.7987 | 341.136 | 7518629
Rlog_NoSnap | KNN_1 | 13 | 1 | 5955447363 | 59.7987 | 341.136 | 7518629
Rlog_NoSnap | KNN_1 | 14 | 1 | 4353571381 | 59.7987 | 341.136 | 7518629
Rlog_NoSnap | KNN_1 | 15 | 1 | 5736148059 | 59.7987 | 341.136 | 7518629
Rlog_NoSnap | KNN_1 | 16 | 1 | 4209693288 | 59.7987 | 341.136 | 7518629
Rlog_NoSnap | KNN_1 | 17 | 1 | 4095896835 | 59.7987 | 341.136 | 7518629
Rlog_NoSnap | KNN_1 | 18 | 1 | 6991312125 | 59.7987 | 341.136 | 7518629
Rlog_NoSnap | KNN_1 | 19 | 1 | 3730779942 | 59.7987 | 341.136 | 7518629
Rlog_NoSnap | KNN_1 | 20 | 1 | 2215246201 | 59.7987 | 341.136 | 7518629
Rlog_NoSnap | KNN_1 | 21 | 1 | 5840248033 | 59.7987 | 341.136 | 7518629
Rlog_NoSnap | KNN_1 | 22 | 1 | 4095896999 | 59.7987 | 341.136 | 7518629
Rlog_NoSnap | KNN_1 | 23 | 1 | 4836123537 | 59.7987 | 341.136 | 7518629
Rlog_NoSnap | KNN_1 | 24 | 1 | 3004316673 | 59.7987 | 341.136 | 7518629
Rlog_NoSnap | KNN_1 | 25 | 1 | 4313150230 | 59.7987 | 341.136 | 7518629
Rlog_NoSnap | KNN_1 | 26 | 1 | 6536771786 | 59.7987 | 341.136 | 7518629
Rlog_NoSnap | KNN_1 | 27 | 1 | 4869658172 | 59.7987 | 341.136 | 7518629
Rlog_NoSnap | KNN_1 | 28 | 1 | 4095787500 | 59.7987 | 341.136 | 7518629
Rlog_NoSnap | KNN_1 | 29 | 1 | 4214912169 | 59.7987 | 341.136 | 7518629
Rlog_NoSnap | KNN_1 | 30 | 1 | 6037361741 | 59.7987 | 341.136 | 7518629
Rlog_NoSnap | KNN_1 | 31 | 1 | 6452302098 | 59.7987 | 341.136 | 7518629
Rlog_NoSnap | KNN_1 | 32 | 1 | 4843281895 | 59.7987 | 341.136 | 7518629
Rlog_NoSnap | KNN_1 | 33 | 1 | 3491093702 | 59.7987 | 341.136 | 7518629
Rlog_NoSnap | KNN_1 | 34 | 1 | 4911457596 | 59.7987 | 341.136 | 7518629
Rlog_NoSnap | KNN_1 | 35 | 1 | 6992657920 | 59.7987 | 341.136 | 7518629
Rlog_NoSnap | KNN_1 | 36 | 1 | 5910437184 | 59.7987 | 341.136 | 7518629
Rlog_NoSnap | KNN_1 | 37 | 1 | 5955635165 | 59.7987 | 341.136 | 7518629
Rlog_NoSnap | KNN_1 | 38 | 1 | 8227661670 | 59.7987 | 341.136 | 7518629
Rlog_NoSnap | KNN_1 | 39 | 1 | 4911459127 | 59.7987 | 341.136 | 7518629
Rlog_NoSnap | KNN_1 | 40 | 1 | 2634543059 | 59.7987 | 341.136 | 7518629
Rlog_NoSnap | KNN_1 | 41 | 1 | 7908344722 | 59.7987 | 341.136 | 7518629
Rlog_NoSnap | KNN_1 | 42 | 1 | 6230510889 | 59.7987 | 341.136 | 7518629
Rlog_NoSnap | KNN_1 | 43 | 1 | 4106175202 | 59.7987 | 341.136 | 7518629
Rlog_NoSnap | KNN_1 | 44 | 1 | 4952101643 | 59.7987 | 341.136 | 7518629
Rlog_NoSnap | KNN_1 | 45 | 1 | 3960144898 | 59.7987 | 341.136 | 7518629
Rlog_NoSnap | KNN_1 | 46 | 1 | 1987288774 | 59.7987 | 341.136 | 7518629
Rlog_NoSnap | KNN_1 | 47 | 1 | 1986338339 | 59.7987 | 341.136 | 7518629
Rlog_NoSnap | KNN_1 | 48 | 1 | 4385117226 | 59.7987 | 341.136 | 7518629
Rlog_NoSnap | KNN_1 | 49 | 1 | 6162893548 | 59.7987 | 341.136 | 7518629
Rlog_NoSnap | KNN_1 | 50 | 1 | 3005424632 | 59.7987 | 341.136 | 7518629
Rlog_NoSnap | KNN_1 | 51 | 1 | 4631151709 | 59.7987 | 341.136 | 7518629
Rlog_NoSnap | KNN_1 | 52 | 1 | 4304658334 | 59.7987 | 341.136 | 7518629
Rlog_NoSnap | KNN_1 | 53 | 1 | 4212419434 | 59.7987 | 341.136 | 7518629
Rlog_NoSnap | KNN_1 | 54 | 1 | 2896215008 | 59.7987 | 341.136 | 7518629
Rlog_NoSnap | KNN_1 | 55 | 1 | 4223380561 | 59.7987 | 341.136 | 7518629
Rlog_NoSnap | KNN_1 | 56 | 1 | 5761350128 | 59.7987 | 341.136 | 7518629
Rlog_NoSnap | KNN_1 | 57 | 1 | 7497484606 | 59.7987 | 341.136 | 7518629
Rlog_NoSnap | KNN_1 | 58 | 1 | 2032389699 | 59.7987 | 341.136 | 7518629
Rlog_NoSnap | KNN_1 | 59 | 1 | 1988113755 | 59.7987 | 341.136 | 7518629
Rlog_NoSnap | KNN_1 | 60 | 1 | 4179560372 | 59.7987 | 341.136 | 7518629
Rlog_NoSnap | KNN_1 | 61 | 1 | 6545723448 | 59.7987 | 341.136 | 7518629
Rlog_NoSnap | KNN_1 | 62 | 1 | 5872426986 | 59.7987 | 341.136 | 7518629
Rlog_NoSnap | KNN_1 | 63 | 1 | 6519110408 | 59.7987 | 341.136 | 7518629
Rlog_NoSnap | KNN_1 | 64 | 1 | 7020587128 | 59.7987 | 341.136 | 7518629
Rlog_NoSnap | KNN_1 | 65 | 1 | 4069069309 | 59.7987 | 341.136 | 7518629
Rlog_NoSnap | KNN_1 | 66 | 1 | 5872395338 | 59.7987 | 341.136 | 7518629
Rlog_NoSnap | KNN_1 | 67 | 1 | 5501740884 | 59.7987 | 341.136 | 7518629
Rlog_NoSnap | KNN_1 | 68 | 1 | 3004238328 | 59.7987 | 341.136 | 7518629
Rlog_NoSnap | KNN_1 | 69 | 1 | 4869101531 | 59.7987 | 341.136 | 7518629
Rlog_NoSnap | KNN_1 | 70 | 1 | 4179484262 | 59.7987 | 341.136 | 7518629
Rlog_NoSnap | KNN_1 | 71 | 1 | 3511094594 | 59.7987 | 341.136 | 7518629
Rlog_NoSnap | KNN_1 | 72 | 1 | 4336082644 | 59.7987 | 341.136 | 7518629
Rlog_NoSnap | KNN_1 | 73 | 1 | 2032324222 | 59.7987 | 341.136 | 7518629
Rlog_NoSnap | KNN_1 | 74 | 1 | 4183970904 | 59.7987 | 341.136 | 7518629
Rlog_NoSnap | KNN_1 | 75 | 1 | 1985325689 | 59.7987 | 341.136 | 7518629
Rlog_NoSnap | KNN_1 | 76 | 1 | 4002326987 | 59.7987 | 341.136 | 7518629
Rlog_NoSnap | KNN_1 | 77 | 1 | 4212084095 | 59.7987 | 341.136 | 7518629
Rlog_NoSnap | KNN_1 | 78 | 1 | 7497488268 | 59.7987 | 341.136 | 7518629
Rlog_NoSnap | KNN_1 | 79 | 1 | 4989278097 | 59.7987 | 341.136 | 7518629
Rlog_NoSnap | KNN_1 | 80 | 1 | 3004276640 | 59.7987 | 341.136 | 7518629
Rlog_NoSnap | KNN_1 | 81 | 1 | 1987289756 | 59.7987 | 341.136 | 7518629
Rlog_NoSnap | KNN_1 | 82 | 1 | 3411877555 | 59.7987 | 341.136 | 7518629
Rlog_NoSnap | KNN_1 | 83 | 1 | 4574467071 | 59.7987 | 341.136 | 7518629
Rlog_NoSnap | KNN_1 | 84 | 1 | 4108109883 | 59.7987 | 341.136 | 7518629
Rlog_NoSnap | KNN_1 | 85 | 1 | 3731049358 | 59.7987 | 341.136 | 7518629
Rlog_NoSnap | KNN_1 | 86 | 1 | 7505379193 | 59.7987 | 341.136 | 7518629
Rlog_NoSnap | KNN_1 | 87 | 1 | 7497474597 | 59.7987 | 341.136 | 7518629
Rlog_NoSnap | KNN_1 | 88 | 1 | 3420242217 | 59.7987 | 341.136 | 7518629
Rlog_NoSnap | KNN_1 | 89 | 1 | 6668143822 | 59.7987 | 341.136 | 7518629
Rlog_NoSnap | KNN_1 | 90 | 1 | 6515102742 | 59.7987 | 341.136 | 7518629
Rlog_NoSnap | KNN_1 | 91 | 1 | 4183954420 | 59.7987 | 341.136 | 7518629
Rlog_NoSnap | KNN_1 | 92 | 1 | 5872394735 | 59.7987 | 341.136 | 7518629
Rlog_NoSnap | KNN_1 | 93 | 1 | 4336112992 | 59.7987 | 341.136 | 7518629
Rlog_NoSnap | KNN_1 | 94 | 1 | 3952008148 | 59.7987 | 341.136 | 7518629
Rlog_NoSnap | KNN_1 | 95 | 1 | 5109132902 | 59.7987 | 341.136 | 7518629
Rlog_NoSnap | KNN_1 | 96 | 1 | 5907847502 | 59.7987 | 341.136 | 7518629
Rlog_NoSnap | KNN_1 | 97 | 1 | 6498254098 | 59.7987 | 341.136 | 7518629
Rlog_NoSnap | KNN_1 | 98 | 1 | 4209802466 | 59.7987 | 341.136 | 7518629
Rlog_NoSnap | KNN_1 | 99 | 1 | 6540975191 | 59.7987 | 341.136 | 7518629
Rlog_NoSnap | KNN_10 | 0 | 10 | 33769936951 | 59.8215 | 341.136 | 7518629
Rlog_NoSnap | KNN_10 | 1 | 10 | 46926074216 | 59.8215 | 341.136 | 7518629
Rlog_NoSnap | KNN_10 | 2 | 10 | 54615212755 | 59.8215 | 341.136 | 7518629
Rlog_NoSnap | KNN_10 | 3 | 10 | 49758131522 | 59.8215 | 341.136 | 7518629
Rlog_NoSnap | KNN_10 | 4 | 10 | 38482677544 | 59.8215 | 341.136 | 7518629
Rlog_NoSnap | KNN_10 | 5 | 10 | 38021863088 | 59.8215 | 341.136 | 7518629
Rlog_NoSnap | KNN_10 | 6 | 10 | 53492826104 | 59.8215 | 341.136 | 7518629
Rlog_NoSnap | KNN_10 | 7 | 10 | 59555757967 | 59.8215 | 341.136 | 7518629
Rlog_NoSnap | KNN_10 | 8 | 10 | 45758231469 | 59.8215 | 341.136 | 7518629
Rlog_NoSnap | KNN_10 | 9 | 10 | 43707484086 | 59.8215 | 341.136 | 7518629
Rlog_NoSnap | KNN_10 | 10 | 10 | 43169173492 | 59.8215 | 341.136 | 7518629
Rlog_NoSnap | KNN_10 | 11 | 10 | 56330645464 | 59.8215 | 341.136 | 7518629
Rlog_NoSnap | KNN_10 | 12 | 10 | 42624026046 | 59.8215 | 341.136 | 7518629
Rlog_NoSnap | KNN_10 | 13 | 10 | 45745074136 | 59.8215 | 341.136 | 7518629
Rlog_NoSnap | KNN_10 | 14 | 10 | 46933270284 | 59.8215 | 341.136 | 7518629
Rlog_NoSnap | KNN_10 | 15 | 10 | 63206683949 | 59.8215 | 341.136 | 7518629
Rlog_NoSnap | KNN_10 | 16 | 10 | 58795230156 | 59.8215 | 341.136 | 7518629
Rlog_NoSnap | KNN_10 | 17 | 10 | 65665296345 | 59.8215 | 341.136 | 7518629
Rlog_NoSnap | KNN_10 | 18 | 10 | 58596048653 | 59.8215 | 341.136 | 7518629
Rlog_NoSnap | KNN_10 | 19 | 10 | 58853657042 | 59.8215 | 341.136 | 7518629
Rlog_NoSnap | KNN_10 | 20 | 10 | 58724444813 | 59.8215 | 341.136 | 7518629
Rlog_NoSnap | KNN_10 | 21 | 10 | 46919260552 | 59.8215 | 341.136 | 7518629
Rlog_NoSnap | KNN_10 | 22 | 10 | 34184947547 | 59.8215 | 341.136 | 7518629
Rlog_NoSnap | KNN_10 | 23 | 10 | 42124194448 | 59.8215 | 341.136 | 7518629
Rlog_NoSnap | KNN_10 | 24 | 10 | 75517015399 | 59.8215 | 341.136 | 7518629
Rlog_NoSnap | KNN_10 | 25 | 10 | 39602433283 | 59.8215 | 341.136 | 7518629
Rlog_NoSnap | KNN_10 | 26 | 10 | 28177172398 | 59.8215 | 341.136 | 7518629
Rlog_NoSnap | KNN_10 | 27 | 10 | 58717682560 | 59.8215 | 341.136 | 7518629
Rlog_NoSnap | KNN_10 | 28 | 10 | 22895476947 | 59.8215 | 341.136 | 7518629
Rlog_NoSnap | KNN_10 | 29 | 10 | 41448916547 | 59.8215 | 341.136 | 7518629
Rlog_NoSnap | KNN_10 | 30 | 10 | 53085293167 | 59.8215 | 341.136 | 7518629
Rlog_NoSnap | KNN_10 | 31 | 10 | 42345424500 | 59.8215 | 341.136 | 7518629
Rlog_NoSnap | KNN_10 | 32 | 10 | 58992730741 | 59.8215 | 341.136 | 7518629
Rlog_NoSnap | KNN_10 | 33 | 10 | 42296436575 | 59.8215 | 341.136 | 7518629
Rlog_NoSnap | KNN_10 | 34 | 10 | 40156550602 | 59.8215 | 341.136 | 7518629
Rlog_NoSnap | KNN_10 | 35 | 10 | 43254725038 | 59.8215 | 341.136 | 7518629
Rlog_NoSnap | KNN_10 | 36 | 10 | 46128320413 | 59.8215 | 341.136 | 7518629
Rlog_NoSnap | KNN_10 | 37 | 10 | 20220526815 | 59.8215 | 341.136 | 7518629
Rlog_NoSnap | KNN_10 | 38 | 10 | 40147894623 | 59.8215 | 341.136 | 7518629
Rlog_NoSnap | KNN_10 | 39 | 10 | 80082015565 | 59.8215 | 341.136 | 7518629
Rlog_NoSnap | KNN_10 | 40 | 10 | 58878200863 | 59.8215 | 341.136 | 7518629
Rlog_NoSnap | KNN_10 | 41 | 10 | 47023055691 | 59.8215 | 341.136 | 7518629
Rlog_NoSnap | KNN_10 | 42 | 10 | 43376988646 | 59.8215 | 341.136 | 7518629
Rlog_NoSnap | KNN_10 | 43 | 10 | 41659236172 | 59.8215 | 341.136 | 7518629
Rlog_NoSnap | KNN_10 | 44 | 10 | 37306049925 | 59.8215 | 341.136 | 7518629
Rlog_NoSnap | KNN_10 | 45 | 10 | 42277371647 | 59.8215 | 341.136 | 7518629
Rlog_NoSnap | KNN_10 | 46 | 10 | 42362278994 | 59.8215 | 341.136 | 7518629
Rlog_NoSnap | KNN_10 | 47 | 10 | 75053816081 | 59.8215 | 341.136 | 7518629
Rlog_NoSnap | KNN_10 | 48 | 10 | 40888121292 | 59.8215 | 341.136 | 7518629
Rlog_NoSnap | KNN_10 | 49 | 10 | 20888381895 | 59.8215 | 341.136 | 7518629
Rlog_NoSnap | KNN_10 | 50 | 10 | 46919260799 | 59.8215 | 341.136 | 7518629
Rlog_NoSnap | KNN_10 | 51 | 10 | 63072882586 | 59.8215 | 341.136 | 7518629
Rlog_NoSnap | KNN_10 | 52 | 10 | 49770475718 | 59.8215 | 341.136 | 7518629
Rlog_NoSnap | KNN_10 | 53 | 10 | 57542755009 | 59.8215 | 341.136 | 7518629
Rlog_NoSnap | KNN_10 | 54 | 10 | 41297746591 | 59.8215 | 341.136 | 7518629
Rlog_NoSnap | KNN_10 | 55 | 10 | 43805465097 | 59.8215 | 341.136 | 7518629
Rlog_NoSnap | KNN_10 | 56 | 10 | 74967906047 | 59.8215 | 341.136 | 7518629
Rlog_NoSnap | KNN_10 | 57 | 10 | 40953073230 | 59.8215 | 341.136 | 7518629
Rlog_NoSnap | KNN_10 | 58 | 10 | 42973628734 | 59.8215 | 341.136 | 7518629
Rlog_NoSnap | KNN_10 | 59 | 10 | 42270814132 | 59.8215 | 341.136 | 7518629
Rlog_NoSnap | KNN_10 | 60 | 10 | 48473473234 | 59.8215 | 341.136 | 7518629
Rlog_NoSnap | KNN_10 | 61 | 10 | 39060115356 | 59.8215 | 341.136 | 7518629
Rlog_NoSnap | KNN_10 | 62 | 10 | 40958583803 | 59.8215 | 341.136 | 7518629
Rlog_NoSnap | KNN_10 | 63 | 10 | 43011435396 | 59.8215 | 341.136 | 7518629
Rlog_NoSnap | KNN_10 | 64 | 10 | 75053838611 | 59.8215 | 341.136 | 7518629
Rlog_NoSnap | KNN_10 | 65 | 10 | 46603572450 | 59.8215 | 341.136 | 7518629
Rlog_NoSnap | KNN_10 | 66 | 10 | 51128226219 | 59.8215 | 341.136 | 7518629
Rlog_NoSnap | KNN_10 | 67 | 10 | 43873070551 | 59.8215 | 341.136 | 7518629
Rlog_NoSnap | KNN_10 | 68 | 10 | 48495699683 | 59.8215 | 341.136 | 7518629
Rlog_NoSnap | KNN_10 | 69 | 10 | 27944586419 | 59.8215 | 341.136 | 7518629
Rlog_NoSnap | KNN_10 | 70 | 10 | 42187868965 | 59.8215 | 341.136 | 7518629
Rlog_NoSnap | KNN_10 | 71 | 10 | 42105775726 | 59.8215 | 341.136 | 7518629
Rlog_NoSnap | KNN_10 | 72 | 10 | 46060148857 | 59.8215 | 341.136 | 7518629
Rlog_NoSnap | KNN_10 | 73 | 10 | 53283301018 | 59.8215 | 341.136 | 7518629
Rlog_NoSnap | KNN_10 | 74 | 10 | 59816390513 | 59.8215 | 341.136 | 7518629
Rlog_NoSnap | KNN_10 | 75 | 10 | 58593607098 | 59.8215 | 341.136 | 7518629
Rlog_NoSnap | KNN_10 | 76 | 10 | 35933393707 | 59.8215 | 341.136 | 7518629
Rlog_NoSnap | KNN_10 | 77 | 10 | 36230773401 | 59.8215 | 341.136 | 7518629
Rlog_NoSnap | KNN_10 | 78 | 10 | 46429856784 | 59.8215 | 341.136 | 7518629
Rlog_NoSnap | KNN_10 | 79 | 10 | 41822406208 | 59.8215 | 341.136 | 7518629
Rlog_NoSnap | KNN_10 | 80 | 10 | 46396289899 | 59.8215 | 341.136 | 7518629
Rlog_NoSnap | KNN_10 | 81 | 10 | 37781136045 | 59.8215 | 341.136 | 7518629
Rlog_NoSnap | KNN_10 | 82 | 10 | 40690688224 | 59.8215 | 341.136 | 7518629
Rlog_NoSnap | KNN_10 | 83 | 10 | 58936007310 | 59.8215 | 341.136 | 7518629
Rlog_NoSnap | KNN_10 | 84 | 10 | 53414878051 | 59.8215 | 341.136 | 7518629
Rlog_NoSnap | KNN_10 | 85 | 10 | 61055646118 | 59.8215 | 341.136 | 7518629
Rlog_NoSnap | KNN_10 | 86 | 10 | 40676460938 | 59.8215 | 341.136 | 7518629
Rlog_NoSnap | KNN_10 | 87 | 10 | 57451784045 | 59.8215 | 341.136 | 7518629
Rlog_NoSnap | KNN_10 | 88 | 10 | 59628174596 | 59.8215 | 341.136 | 7518629
Rlog_NoSnap | KNN_10 | 89 | 10 | 42884793316 | 59.8215 | 341.136 | 7518629
Rlog_NoSnap | KNN_10 | 90 | 10 | 46926745747 | 59.8215 | 341.136 | 7518629
Rlog_NoSnap | KNN_10 | 91 | 10 | 41060580893 | 59.8215 | 341.136 | 7518629
Rlog_NoSnap | KNN_10 | 92 | 10 | 30043565313 | 59.8215 | 341.136 | 7518629
Rlog_NoSnap | KNN_10 | 93 | 10 | 48317624729 | 59.8215 | 341.136 | 7518629
Rlog_NoSnap | KNN_10 | 94 | 10 | 48690539973 | 59.8215 | 341.136 | 7518629
Rlog_NoSnap | KNN_10 | 95 | 10 | 19895279717 | 59.8215 | 341.136 | 7518629
Rlog_NoSnap | KNN_10 | 96 | 10 | 42059489125 | 59.8215 | 341.136 | 7518629
Rlog_NoSnap | KNN_10 | 97 | 10 | 42346442806 | 59.8215 | 341.136 | 7518629
Rlog_NoSnap | KNN_10 | 98 | 10 | 43045941000 | 59.8215 | 341.136 | 7518629
Rlog_NoSnap | KNN_10 | 99 | 10 | 66848973505 | 59.8215 | 341.136 | 7518629
Rlog_NoSnap | KNN_100 | 0 | 100 | 563146354296 | 59.7782 | 341.136 | 7518629
Rlog_NoSnap | KNN_100 | 1 | 100 | 502693413928 | 59.7782 | 341.136 | 7518629
Rlog_NoSnap | KNN_100 | 2 | 100 | 343607335025 | 59.7782 | 341.136 | 7518629
Rlog_NoSnap | KNN_100 | 3 | 100 | 539269925693 | 59.7782 | 341.136 | 7518629
Rlog_NoSnap | KNN_100 | 4 | 100 | 473357569131 | 59.7782 | 341.136 | 7518629
Rlog_NoSnap | KNN_100 | 5 | 100 | 583045285222 | 59.7782 | 341.136 | 7518629
Rlog_NoSnap | KNN_100 | 6 | 100 | 467802115905 | 59.7782 | 341.136 | 7518629
Rlog_NoSnap | KNN_100 | 7 | 100 | 489864538300 | 59.7782 | 341.136 | 7518629
Rlog_NoSnap | KNN_100 | 8 | 100 | 299619599767 | 59.7782 | 341.136 | 7518629
Rlog_NoSnap | KNN_100 | 9 | 100 | 351275796949 | 59.7782 | 341.136 | 7518629
Rlog_NoSnap | KNN_100 | 10 | 100 | 559619572948 | 59.7782 | 341.136 | 7518629
Rlog_NoSnap | KNN_100 | 11 | 100 | 387417309464 | 59.7782 | 341.136 | 7518629
Rlog_NoSnap | KNN_100 | 12 | 100 | 373370145675 | 59.7782 | 341.136 | 7518629
Rlog_NoSnap | KNN_100 | 13 | 100 | 391518594849 | 59.7782 | 341.136 | 7518629
Rlog_NoSnap | KNN_100 | 14 | 100 | 549343528593 | 59.7782 | 341.136 | 7518629
Rlog_NoSnap | KNN_100 | 15 | 100 | 786776193660 | 59.7782 | 341.136 | 7518629
Rlog_NoSnap | KNN_100 | 16 | 100 | 404787952387 | 59.7782 | 341.136 | 7518629
Rlog_NoSnap | KNN_100 | 17 | 100 | 289197533019 | 59.7782 | 341.136 | 7518629
Rlog_NoSnap | KNN_100 | 18 | 100 | 505851929107 | 59.7782 | 341.136 | 7518629
Rlog_NoSnap | KNN_100 | 19 | 100 | 450704356125 | 59.7782 | 341.136 | 7518629
Rlog_NoSnap | KNN_100 | 20 | 100 | 459129791469 | 59.7782 | 341.136 | 7518629
Rlog_NoSnap | KNN_100 | 21 | 100 | 385117425022 | 59.7782 | 341.136 | 7518629
Rlog_NoSnap | KNN_100 | 22 | 100 | 423735044368 | 59.7782 | 341.136 | 7518629
Rlog_NoSnap | KNN_100 | 23 | 100 | 446601710275 | 59.7782 | 341.136 | 7518629
Rlog_NoSnap | KNN_100 | 24 | 100 | 735314723535 | 59.7782 | 341.136 | 7518629
Rlog_NoSnap | KNN_100 | 25 | 100 | 511377882194 | 59.7782 | 341.136 | 7518629
Rlog_NoSnap | KNN_100 | 26 | 100 | 418403580677 | 59.7782 | 341.136 | 7518629
Rlog_NoSnap | KNN_100 | 27 | 100 | 397628605388 | 59.7782 | 341.136 | 7518629
Rlog_NoSnap | KNN_100 | 28 | 100 | 393982978329 | 59.7782 | 341.136 | 7518629
Rlog_NoSnap | KNN_100 | 29 | 100 | 287474487097 | 59.7782 | 341.136 | 7518629
Rlog_NoSnap | KNN_100 | 30 | 100 | 539572086472 | 59.7782 | 341.136 | 7518629
Rlog_NoSnap | KNN_100 | 31 | 100 | 585936409080 | 59.7782 | 341.136 | 7518629
Rlog_NoSnap | KNN_100 | 32 | 100 | 421190842231 | 59.7782 | 341.136 | 7518629
Rlog_NoSnap | KNN_100 | 33 | 100 | 401657644727 | 59.7782 | 341.136 | 7518629
Rlog_NoSnap | KNN_100 | 34 | 100 | 462656101074 | 59.7782 | 341.136 | 7518629
Rlog_NoSnap | KNN_100 | 35 | 100 | 441876338577 | 59.7782 | 341.136 | 7518629
Rlog_NoSnap | KNN_100 | 36 | 100 | 364913901831 | 59.7782 | 341.136 | 7518629
Rlog_NoSnap | KNN_100 | 37 | 100 | 464131701305 | 59.7782 | 341.136 | 7518629
Rlog_NoSnap | KNN_100 | 38 | 100 | 442158112122 | 59.7782 | 341.136 | 7518629
Rlog_NoSnap | KNN_100 | 39 | 100 | 347577415209 | 59.7782 | 341.136 | 7518629
Rlog_NoSnap | KNN_100 | 40 | 100 | 343654066948 | 59.7782 | 341.136 | 7518629
Rlog_NoSnap | KNN_100 | 41 | 100 | 344750452124 | 59.7782 | 341.136 | 7518629
Rlog_NoSnap | KNN_100 | 42 | 100 | 397554685633 | 59.7782 | 341.136 | 7518629
Rlog_NoSnap | KNN_100 | 43 | 100 | 407844346834 | 59.7782 | 341.136 | 7518629
Rlog_NoSnap | KNN_100 | 44 | 100 | 436606751998 | 59.7782 | 341.136 | 7518629
Rlog_NoSnap | KNN_100 | 45 | 100 | 531511539590 | 59.7782 | 341.136 | 7518629
Rlog_NoSnap | KNN_100 | 46 | 100 | 410310359921 | 59.7782 | 341.136 | 7518629
Rlog_NoSnap | KNN_100 | 47 | 100 | 546601506867 | 59.7782 | 341.136 | 7518629
Rlog_NoSnap | KNN_100 | 48 | 100 | 789725349379 | 59.7782 | 341.136 | 7518629
Rlog_NoSnap | KNN_100 | 49 | 100 | 420791405586 | 59.7782 | 341.136 | 7518629
Rlog_NoSnap | KNN_100 | 50 | 100 | 645230348630 | 59.7782 | 341.136 | 7518629
Rlog_NoSnap | KNN_100 | 51 | 100 | 415131327258 | 59.7782 | 341.136 | 7518629
Rlog_NoSnap | KNN_100 | 52 | 100 | 474156258503 | 59.7782 | 341.136 | 7518629
Rlog_NoSnap | KNN_100 | 53 | 100 | 401501461557 | 59.7782 | 341.136 | 7518629
Rlog_NoSnap | KNN_100 | 54 | 100 | 503191725978 | 59.7782 | 341.136 | 7518629
Rlog_NoSnap | KNN_100 | 55 | 100 | 710869881124 | 59.7782 | 341.136 | 7518629
Rlog_NoSnap | KNN_100 | 56 | 100 | 419844773333 | 59.7782 | 341.136 | 7518629
Rlog_NoSnap | KNN_100 | 57 | 100 | 531513792960 | 59.7782 | 341.136 | 7518629
Rlog_NoSnap | KNN_100 | 58 | 100 | 429009472421 | 59.7782 | 341.136 | 7518629
Rlog_NoSnap | KNN_100 | 59 | 100 | 466438574825 | 59.7782 | 341.136 | 7518629
Rlog_NoSnap | KNN_100 | 60 | 100 | 548917886718 | 59.7782 | 341.136 | 7518629
Rlog_NoSnap | KNN_100 | 61 | 100 | 381514671292 | 59.7782 | 341.136 | 7518629
Rlog_NoSnap | KNN_100 | 62 | 100 | 463441206012 | 59.7782 | 341.136 | 7518629
Rlog_NoSnap | KNN_100 | 63 | 100 | 636920164801 | 59.7782 | 341.136 | 7518629
Rlog_NoSnap | KNN_100 | 64 | 100 | 410310370646 | 59.7782 | 341.136 | 7518629
Rlog_NoSnap | KNN_100 | 65 | 100 | 574505906264 | 59.7782 | 341.136 | 7518629
Rlog_NoSnap | KNN_100 | 66 | 100 | 461297194573 | 59.7782 | 341.136 | 7518629
Rlog_NoSnap | KNN_100 | 67 | 100 | 441289190447 | 59.7782 | 341.136 | 7518629
Rlog_NoSnap | KNN_100 | 68 | 100 | 448958164147 | 59.7782 | 341.136 | 7518629
Rlog_NoSnap | KNN_100 | 69 | 100 | 572389841481 | 59.7782 | 341.136 | 7518629
Rlog_NoSnap | KNN_100 | 70 | 100 | 421159301076 | 59.7782 | 341.136 | 7518629
Rlog_NoSnap | KNN_100 | 71 | 100 | 590784811451 | 59.7782 | 341.136 | 7518629
Rlog_NoSnap | KNN_100 | 72 | 100 | 481419839715 | 59.7782 | 341.136 | 7518629
Rlog_NoSnap | KNN_100 | 73 | 100 | 544419263257 | 59.7782 | 341.136 | 7518629
Rlog_NoSnap | KNN_100 | 74 | 100 | 820092950137 | 59.7782 | 341.136 | 7518629
Rlog_NoSnap | KNN_100 | 75 | 100 | 363284868074 | 59.7782 | 341.136 | 7518629
Rlog_NoSnap | KNN_100 | 76 | 100 | 428037315400 | 59.7782 | 341.136 | 7518629
Rlog_NoSnap | KNN_100 | 77 | 100 | 464598277714 | 59.7782 | 341.136 | 7518629
Rlog_NoSnap | KNN_100 | 78 | 100 | 552542245601 | 59.7782 | 341.136 | 7518629
Rlog_NoSnap | KNN_100 | 79 | 100 | 426781720107 | 59.7782 | 341.136 | 7518629
Rlog_NoSnap | KNN_100 | 80 | 100 | 253507042447 | 59.7782 | 341.136 | 7518629
Rlog_NoSnap | KNN_100 | 81 | 100 | 427187507390 | 59.7782 | 341.136 | 7518629
Rlog_NoSnap | KNN_100 | 82 | 100 | 474363979389 | 59.7782 | 341.136 | 7518629
Rlog_NoSnap | KNN_100 | 83 | 100 | 559885656687 | 59.7782 | 341.136 | 7518629
Rlog_NoSnap | KNN_100 | 84 | 100 | 440217710451 | 59.7782 | 341.136 | 7518629
Rlog_NoSnap | KNN_100 | 85 | 100 | 399972961880 | 59.7782 | 341.136 | 7518629
Rlog_NoSnap | KNN_100 | 86 | 100 | 551143598236 | 59.7782 | 341.136 | 7518629
Rlog_NoSnap | KNN_100 | 87 | 100 | 369818679624 | 59.7782 | 341.136 | 7518629
Rlog_NoSnap | KNN_100 | 88 | 100 | 351906388239 | 59.7782 | 341.136 | 7518629
Rlog_NoSnap | KNN_100 | 89 | 100 | 589360066428 | 59.7782 | 341.136 | 7518629
Rlog_NoSnap | KNN_100 | 90 | 100 | 410801700176 | 59.7782 | 341.136 | 7518629
Rlog_NoSnap | KNN_100 | 91 | 100 | 460741781364 | 59.7782 | 341.136 | 7518629
Rlog_NoSnap | KNN_100 | 92 | 100 | 582913923068 | 59.7782 | 341.136 | 7518629
Rlog_NoSnap | KNN_100 | 93 | 100 | 457211760367 | 59.7782 | 341.136 | 7518629
Rlog_NoSnap | KNN_100 | 94 | 100 | 402219740925 | 59.7782 | 341.136 | 7518629
Rlog_NoSnap | KNN_100 | 95 | 100 | 323169252499 | 59.7782 | 341.136 | 7518629
Rlog_NoSnap | KNN_100 | 96 | 100 | 548459143813 | 59.7782 | 341.136 | 7518629
Rlog_NoSnap | KNN_100 | 97 | 100 | 642766610102 | 59.7782 | 341.136 | 7518629
Rlog_NoSnap | KNN_100 | 98 | 100 | 397683913013 | 59.7782 | 341.136 | 7518629
Rlog_NoSnap | KNN_100 | 99 | 100 | 585697091282 | 59.7782 | 341.136 | 7518629
