Algo | QType | QID | Count | Hash | Time_ms | Mem_MB | Nodes
Rlog_3yr | Range_Small | 0 | 13 | 77370775039 | 0.00141333 | 504.918 | 4009330
Rlog_3yr | Range_Small | 1 | 39 | 114525137145 | 0.00141333 | 504.918 | 4009330
Rlog_3yr | Range_Small | 2 | 22 | 129856243729 | 0.00141333 | 504.918 | 4009330
Rlog_3yr | Range_Small | 3 | 23 | 125861566061 | 0.00141333 | 504.918 | 4009330
Rlog_3yr | Range_Small | 4 | 12 | 62231256115 | 0.00141333 | 504.918 | 4009330
Rlog_3yr | Range_Small | 5 | 8 | 24044512384 | 0.00141333 | 504.918 | 4009330
Rlog_3yr | Range_Small | 6 | 7 | 30210729085 | 0.00141333 | 504.918 | 4009330
Rlog_3yr | Range_Small | 7 | 25 | 137139152206 | 0.00141333 | 504.918 | 4009330
Rlog_3yr | Range_Small | 8 | 20 | 69205439825 | 0.00141333 | 504.918 | 4009330
Rlog_3yr | Range_Small | 9 | 22 | 111590590455 | 0.00141333 | 504.918 | 4009330
Rlog_3yr | Range_Small | 10 | 5 | 10444192042 | 0.00141333 | 504.918 | 4009330
Rlog_3yr | Range_Small | 11 | 159 | 1224908840390 | 0.00141333 | 504.918 | 4009330
Rlog_3yr | Range_Small | 12 | 27 | 152094047076 | 0.00141333 | 504.918 | 4009330
Rlog_3yr | Range_Small | 13 | 64 | 498902711018 | 0.00141333 | 504.918 | 4009330
Rlog_3yr | Range_Small | 14 | 9 | 62398590491 | 0.00141333 | 504.918 | 4009330
Rlog_3yr | Range_Small | 15 | 11 | 67380626347 | 0.00141333 | 504.918 | 4009330
Rlog_3yr | Range_Small | 16 | 17 | 94167736767 | 0.00141333 | 504.918 | 4009330
Rlog_3yr | Range_Small | 17 | 17 | 54936443278 | 0.00141333 | 504.918 | 4009330
Rlog_3yr | Range_Small | 18 | 91 | 300755550064 | 0.00141333 | 504.918 | 4009330
Rlog_3yr | Range_Small | 19 | 11 | 49462926783 | 0.00141333 | 504.918 | 4009330
Rlog_3yr | Range_Small | 20 | 40 | 276082178268 | 0.00141333 | 504.918 | 4009330
Rlog_3yr | Range_Small | 21 | 8 | 20530185936 | 0.00141333 | 504.918 | 4009330
Rlog_3yr | Range_Small | 22 | 15 | 121533916642 | 0.00141333 | 504.918 | 4009330
Rlog_3yr | Range_Small | 23 | 41 | 316751500055 | 0.00141333 | 504.918 | 4009330
Rlog_3yr | Range_Small | 24 | 24 | 85875862369 | 0.00141333 | 504.918 | 4009330
Rlog_3yr | Range_Small | 25 | 23 | 109186965647 | 0.00141333 | 504.918 | 4009330
Rlog_3yr | Range_Small | 26 | 19 | 86547374841 | 0.00141333 | 504.918 | 4009330
Rlog_3yr | Range_Small | 27 | 17 | 135957155180 | 0.00141333 | 504.918 | 4009330
Rlog_3yr | Range_Small | 28 | 19 | 76366734289 | 0.00141333 | 504.918 | 4009330
Rlog_3yr | Range_Small | 29 | 6 | 39220518399 | 0.00141333 | 504.918 | 4009330
Rlog_3yr | Range_Small | 30 | 24 | 119721156575 | 0.00141333 | 504.918 | 4009330
Rlog_3yr | Range_Small | 31 | 9 | 38807608900 | 0.00141333 | 504.918 | 4009330
Rlog_3yr | Range_Small | 32 | 43 | 326466680123 | 0.00141333 | 504.918 | 4009330
Rlog_3yr | Range_Small | 33 | 43 | 197983429584 | 0.00141333 | 504.918 | 4009330
Rlog_3yr | Range_Small | 34 | 47 | 335607728439 | 0.00141333 | 504.918 | 4009330
Rlog_3yr | Range_Small | 35 | 26 | 119038116735 | 0.00141333 | 504.918 | 4009330
Rlog_3yr | Range_Small | 36 | 26 | 144321353783 | 0.00141333 | 504.918 | 4009330
Rlog_3yr | Range_Small | 37 | 7 | 27834564444 | 0.00141333 | 504.918 | 4009330
Rlog_3yr | Range_Small | 38 | 22 | 93085338743 | 0.00141333 | 504.918 | 4009330
Rlog_3yr | Range_Small | 39 | 23 | 144058810345 | 0.00141333 | 504.918 | 4009330
Rlog_3yr | Range_Small | 40 | 9 | 65014688263 | 0.00141333 | 504.918 | 4009330
Rlog_3yr | Range_Small | 41 | 30 | 236699744426 | 0.00141333 | 504.918 | 4009330
Rlog_3yr | Range_Small | 42 | 20 | 144042841331 | 0.00141333 | 504.918 | 4009330
Rlog_3yr | Range_Small | 43 | 26 | 109746726127 | 0.00141333 | 504.918 | 4009330
Rlog_3yr | Range_Small | 44 | 17 | 118507044284 | 0.00141333 | 504.918 | 4009330
Rlog_3yr | Range_Small | 45 | 421 | 3596916433530 | 0.00141333 | 504.918 | 4009330
Rlog_3yr | Range_Small | 46 | 13 | 55049055046 | 0.00141333 | 504.918 | 4009330
Rlog_3yr | Range_Small | 47 | 17 | 67184759025 | 0.00141333 | 504.918 | 4009330
Rlog_3yr | Range_Small | 48 | 198 | 1993098198593 | 0.00141333 | 504.918 | 4009330
Rlog_3yr | Range_Small | 49 | 30 | 213510504440 | 0.00141333 | 504.918 | 4009330
Rlog_3yr | Range_Small | 50 | 28 | 180664455452 | 0.00141333 | 504.918 | 4009330
Rlog_3yr | Range_Small | 51 | 42 | 278060651999 | 0.00141333 | 504.918 | 4009330
Rlog_3yr | Range_Small | 52 | 27 | 113726440350 | 0.00141333 | 504.918 | 4009330
Rlog_3yr | Range_Small | 53 | 33 | 234478734443 | 0.00141333 | 504.918 | 4009330
Rlog_3yr | Range_Small | 54 | 261 | 2512873875977 | 0.00141333 | 504.918 | 4009330
Rlog_3yr | Range_Small | 55 | 45 | 292569973122 | 0.00141333 | 504.918 | 4009330
Rlog_3yr | Range_Small | 56 | 74 | 690193354441 | 0.00141333 | 504.918 | 4009330
Rlog_3yr | Range_Small | 57 | 9 | 39700892006 | 0.00141333 | 504.918 | 4009330
Rlog_3yr | Range_Small | 58 | 9 | 70594327845 | 0.00141333 | 504.918 | 4009330
Rlog_3yr | Range_Small | 59 | 12 | 77427663192 | 0.00141333 | 504.918 | 4009330
Rlog_3yr | Range_Small | 60 | 14 | 82032329885 | 0.00141333 | 504.918 | 4009330
Rlog_3yr | Range_Small | 61 | 72 | 610685637097 | 0.00141333 | 504.918 | 4009330
Rlog_3yr | Range_Small | 62 | 35 | 222736003842 | 0.00141333 | 504.918 | 4009330
Rlog_3yr | Range_Small | 63 | 12 | 67037267883 | 0.00141333 | 504.918 | 4009330
Rlog_3yr | Range_Small | 64 | 23 | 160937214155 | 0.00141333 | 504.918 | 4009330
Rlog_3yr | Range_Small | 65 | 29 | 175744685654 | 0.00141333 | 504.918 | 4009330
Rlog_3yr | Range_Small | 66 | 16 | 114527890192 | 0.00141333 | 504.918 | 4009330
Rlog_3yr | Range_Small | 67 | 24 | 79451503086 | 0.00141333 | 504.918 | 4009330
Rlog_3yr | Range_Small | 68 | 12 | 62455255635 | 0.00141333 | 504.918 | 4009330
Rlog_3yr | Range_Small | 69 | 28 | 118567150726 | 0.00141333 | 504.918 | 4009330
Rlog_3yr | Range_Small | 70 | 23 | 96914505325 | 0.00141333 | 504.918 | 4009330
Rlog_3yr | Range_Small | 71 | 10 | 45787739933 | 0.00141333 | 504.918 | 4009330
Rlog_3yr | Range_Small | 72 | 8 | 34163189116 | 0.00141333 | 504.918 | 4009330
Rlog_3yr | Range_Small | 73 | 58 | 391857979366 | 0.00141333 | 504.918 | 4009330
Rlog_3yr | Range_Small | 74 | 21 | 115889080538 | 0.00141333 | 504.918 | 4009330
Rlog_3yr | Range_Small | 75 | 193 | 1755647993200 | 0.00141333 | 504.918 | 4009330
Rlog_3yr | Range_Small | 76 | 57 | 373217383685 | 0.00141333 | 504.918 | 4009330
Rlog_3yr | Range_Small | 77 | 6 | 36791632285 | 0.00141333 | 504.918 | 4009330
Rlog_3yr | Range_Small | 78 | 14 | 64679200958 | 0.00141333 | 504.918 | 4009330
Rlog_3yr | Range_Small | 79 | 7 | 29419315026 | 0.00141333 | 504.918 | 4009330
Rlog_3yr | Range_Small | 80 | 49 | 320907637658 | 0.00141333 | 504.918 | 4009330
Rlog_3yr | Range_Small | 81 | 19 | 76911222342 | 0.00141333 | 504.918 | 4009330
Rlog_3yr | Range_Small | 82 | 26 | 180448329139 | 0.00141333 | 504.918 | 4009330
Rlog_3yr | Range_Small | 83 | 6 | 25235680887 | 0.00141333 | 504.918 | 4009330
Rlog_3yr | Range_Small | 84 | 12 | 75262948400 | 0.00141333 | 504.918 | 4009330
Rlog_3yr | Range_Small | 85 | 12 | 75701376608 | 0.00141333 | 504.918 | 4009330
Rlog_3yr | Range_Small | 86 | 22 | 102617147316 | 0.00141333 | 504.918 | 4009330
Rlog_3yr | Range_Small | 87 | 52 | 420258724433 | 0.00141333 | 504.918 | 4009330
Rlog_3yr | Range_Small | 88 | 68 | 444090789253 | 0.00141333 | 504.918 | 4009330
Rlog_3yr | Range_Small | 89 | 16 | 67378291398 | 0.00141333 | 504.918 | 4009330
Rlog_3yr | Range_Small | 90 | 7 | 54446188559 | 0.00141333 | 504.918 | 4009330
Rlog_3yr | Range_Small | 91 | 39 | 123941598136 | 0.00141333 | 504.918 | 4009330
Rlog_3yr | Range_Small | 92 | 97 | 788216769559 | 0.00141333 | 504.918 | 4009330
Rlog_3yr | Range_Small | 93 | 95 | 888546835556 | 0.00141333 | 504.918 | 4009330
Rlog_3yr | Range_Small | 94 | 938 | 8286210346609 | 0.00141333 | 504.918 | 4009330
Rlog_3yr | Range_Small | 95 | 21 | 86874649910 | 0.00141333 | 504.918 | 4009330
Rlog_3yr | Range_Small | 96 | 17 | 95793647740 | 0.00141333 | 504.918 | 4009330
Rlog_3yr | Range_Small | 97 | 15 | 48307626664 | 0.00141333 | 504.918 | 4009330
Rlog_3yr | Range_Small | 98 | 5 | 24701734710 | 0.00141333 | 504.918 | 4009330
Rlog_3yr | Range_Small | 99 | 13 | 81801958022 | 0.00141333 | 504.918 | 4009330
Rlog_3yr | Range_Med | 0 | 398 | 3374654384105 | 0.0173467 | 500.531 | 4009330
Rlog_3yr | Range_Med | 1 | 597 | 3372751969527 | 0.0173467 | 500.531 | 4009330
Rlog_3yr | Range_Med | 2 | 1172 | 9850401987632 | 0.0173467 | 500.531 | 4009330
Rlog_3yr | Range_Med | 3 | 2764 | 23675143764724 | 0.0173467 | 500.531 | 4009330
Rlog_3yr | Range_Med | 4 | 1476 | 10513729292623 | 0.0173467 | 500.531 | 4009330
Rlog_3yr | Range_Med | 5 | 259 | 1392249812552 | 0.0173467 | 500.531 | 4009330
Rlog_3yr | Range_Med | 6 | 1657 | 14692432068357 | 0.0173467 | 500.531 | 4009330
Rlog_3yr | Range_Med | 7 | 5897 | 47488829284485 | 0.0173467 | 500.531 | 4009330
Rlog_3yr | Range_Med | 8 | 318 | 1898885805330 | 0.0173467 | 500.531 | 4009330
Rlog_3yr | Range_Med | 9 | 148 | 953069041803 | 0.0173467 | 500.531 | 4009330
Rlog_3yr | Range_Med | 10 | 8834 | 76791772726658 | 0.0173467 | 500.531 | 4009330
Rlog_3yr | Range_Med | 11 | 253 | 2121255826620 | 0.0173467 | 500.531 | 4009330
Rlog_3yr | Range_Med | 12 | 1725 | 12478576976907 | 0.0173467 | 500.531 | 4009330
Rlog_3yr | Range_Med | 13 | 13289 | 122857637720514 | 0.0173467 | 500.531 | 4009330
Rlog_3yr | Range_Med | 14 | 863 | 5315628804962 | 0.0173467 | 500.531 | 4009330
Rlog_3yr | Range_Med | 15 | 851 | 4508860839955 | 0.0173467 | 500.531 | 4009330
Rlog_3yr | Range_Med | 16 | 802 | 3870229672608 | 0.0173467 | 500.531 | 4009330
Rlog_3yr | Range_Med | 17 | 212 | 1094747251279 | 0.0173467 | 500.531 | 4009330
Rlog_3yr | Range_Med | 18 | 2324 | 18288056719026 | 0.0173467 | 500.531 | 4009330
Rlog_3yr | Range_Med | 19 | 606 | 3085479772128 | 0.0173467 | 500.531 | 4009330
Rlog_3yr | Range_Med | 20 | 1225 | 7589729199800 | 0.0173467 | 500.531 | 4009330
Rlog_3yr | Range_Med | 21 | 1757 | 13558623862404 | 0.0173467 | 500.531 | 4009330
Rlog_3yr | Range_Med | 22 | 328 | 2372584712075 | 0.0173467 | 500.531 | 4009330
Rlog_3yr | Range_Med | 23 | 881 | 8573071699359 | 0.0173467 | 500.531 | 4009330
Rlog_3yr | Range_Med | 24 | 572 | 4271048784025 | 0.0173467 | 500.531 | 4009330
Rlog_3yr | Range_Med | 25 | 2877 | 21884172659510 | 0.0173467 | 500.531 | 4009330
Rlog_3yr | Range_Med | 26 | 3494 | 28740377796038 | 0.0173467 | 500.531 | 4009330
Rlog_3yr | Range_Med | 27 | 1521 | 10875458490989 | 0.0173467 | 500.531 | 4009330
Rlog_3yr | Range_Med | 28 | 34 | 119748120536 | 0.0173467 | 500.531 | 4009330
Rlog_3yr | Range_Med | 29 | 7216 | 72549297150059 | 0.0173467 | 500.531 | 4009330
Rlog_3yr | Range_Med | 30 | 484 | 2683360675025 | 0.0173467 | 500.531 | 4009330
Rlog_3yr | Range_Med | 31 | 273 | 1812781149404 | 0.0173467 | 500.531 | 4009330
Rlog_3yr | Range_Med | 32 | 122 | 489676504281 | 0.0173467 | 500.531 | 4009330
Rlog_3yr | Range_Med | 33 | 944 | 8041655026557 | 0.0173467 | 500.531 | 4009330
Rlog_3yr | Range_Med | 34 | 793 | 3194608426890 | 0.0173467 | 500.531 | 4009330
Rlog_3yr | Range_Med | 35 | 326 | 1585600182301 | 0.0173467 | 500.531 | 4009330
Rlog_3yr | Range_Med | 36 | 1390 | 11205662761406 | 0.0173467 | 500.531 | 4009330
Rlog_3yr | Range_Med | 37 | 802 | 4489969507745 | 0.0173467 | 500.531 | 4009330
Rlog_3yr | Range_Med | 38 | 424 | 2345957671956 | 0.0173467 | 500.531 | 4009330
Rlog_3yr | Range_Med | 39 | 1218 | 6700931381197 | 0.0173467 | 500.531 | 4009330
Rlog_3yr | Range_Med | 40 | 3617 | 27515308976486 | 0.0173467 | 500.531 | 4009330
Rlog_3yr | Range_Med | 41 | 1857 | 16104214339416 | 0.0173467 | 500.531 | 4009330
Rlog_3yr | Range_Med | 42 | 1007 | 6764862922611 | 0.0173467 | 500.531 | 4009330
Rlog_3yr | Range_Med | 43 | 287 | 1143165483202 | 0.0173467 | 500.531 | 4009330
Rlog_3yr | Range_Med | 44 | 850 | 6741167630821 | 0.0173467 | 500.531 | 4009330
Rlog_3yr | Range_Med | 45 | 473 | 3701232757183 | 0.0173467 | 500.531 | 4009330
Rlog_3yr | Range_Med | 46 | 577 | 2544806978172 | 0.0173467 | 500.531 | 4009330
Rlog_3yr | Range_Med | 47 | 437 | 1854859526811 | 0.0173467 | 500.531 | 4009330
Rlog_3yr | Range_Med | 48 | 70 | 221325786961 | 0.0173467 | 500.531 | 4009330
Rlog_3yr | Range_Med | 49 | 640 | 4799055700555 | 0.0173467 | 500.531 | 4009330
Rlog_3yr | Range_Med | 50 | 1275 | 9849965202564 | 0.0173467 | 500.531 | 4009330
Rlog_3yr | Range_Med | 51 | 281 | 1682582894151 | 0.0173467 | 500.531 | 4009330
Rlog_3yr | Range_Med | 52 | 444 | 3627115996528 | 0.0173467 | 500.531 | 4009330
Rlog_3yr | Range_Med | 53 | 520 | 3000943689140 | 0.0173467 | 500.531 | 4009330
Rlog_3yr | Range_Med | 54 | 9471 | 82302184759992 | 0.0173467 | 500.531 | 4009330
Rlog_3yr | Range_Med | 55 | 367 | 2421720344360 | 0.0173467 | 500.531 | 4009330
Rlog_3yr | Range_Med | 56 | 1028 | 5468472836713 | 0.0173467 | 500.531 | 4009330
Rlog_3yr | Range_Med | 57 | 669 | 2840942766898 | 0.0173467 | 500.531 | 4009330
Rlog_3yr | Range_Med | 58 | 742 | 6598489212427 | 0.0173467 | 500.531 | 4009330
Rlog_3yr | Range_Med | 59 | 3729 | 32873692316811 | 0.0173467 | 500.531 | 4009330
Rlog_3yr | Range_Med | 60 | 357 | 1797920798542 | 0.0173467 | 500.531 | 4009330
Rlog_3yr | Range_Med | 61 | 1220 | 10249423430565 | 0.0173467 | 500.531 | 4009330
Rlog_3yr | Range_Med | 62 | 2186 | 17467117558977 | 0.0173467 | 500.531 | 4009330
Rlog_3yr | Range_Med | 63 | 2198 | 19143075184559 | 0.0173467 | 500.531 | 4009330
Rlog_3yr | Range_Med | 64 | 1236 | 10443717385918 | 0.0173467 | 500.531 | 4009330
Rlog_3yr | Range_Med | 65 | 986 | 5467721717877 | 0.0173467 | 500.531 | 4009330
Rlog_3yr | Range_Med | 66 | 727 | 4920882117871 | 0.0173467 | 500.531 | 4009330
Rlog_3yr | Range_Med | 67 | 360 | 2681544996807 | 0.0173467 | 500.531 | 4009330
Rlog_3yr | Range_Med | 68 | 874 | 8988607316386 | 0.0173467 | 500.531 | 4009330
Rlog_3yr | Range_Med | 69 | 693 | 4040636954371 | 0.0173467 | 500.531 | 4009330
Rlog_3yr | Range_Med | 70 | 1121 | 7249280438156 | 0.0173467 | 500.531 | 4009330
Rlog_3yr | Range_Med | 71 | 49 | 240273822199 | 0.0173467 | 500.531 | 4009330
Rlog_3yr | Range_Med | 72 | 569 | 3965285963142 | 0.0173467 | 500.531 | 4009330
Rlog_3yr | Range_Med | 73 | 215 | 925655782347 | 0.0173467 | 500.531 | 4009330
Rlog_3yr | Range_Med | 74 | 993 | 5781748711169 | 0.0173467 | 500.531 | 4009330
Rlog_3yr | Range_Med | 75 | 288 | 2128352121093 | 0.0173467 | 500.531 | 4009330
Rlog_3yr | Range_Med | 76 | 570 | 2402796432035 | 0.0173467 | 500.531 | 4009330
Rlog_3yr | Range_Med | 77 | 1355 | 7687729135661 | 0.0173467 | 500.531 | 4009330
Rlog_3yr | Range_Med | 78 | 18919 | 165404593744304 | 0.0173467 | 500.531 | 4009330
Rlog_3yr | Range_Med | 79 | 512 | 4588321017675 | 0.0173467 | 500.531 | 4009330
Rlog_3yr | Range_Med | 80 | 1311 | 10891582664717 | 0.0173467 | 500.531 | 4009330
Rlog_3yr | Range_Med | 81 | 1140 | 9525279136870 | 0.0173467 | 500.531 | 4009330
Rlog_3yr | Range_Med | 82 | 4800 | 44316850236564 | 0.0173467 | 500.531 | 4009330
Rlog_3yr | Range_Med | 83 | 7581 | 66575189821812 | 0.0173467 | 500.531 | 4009330
Rlog_3yr | Range_Med | 84 | 388 | 2605077485981 | 0.0173467 | 500.531 | 4009330
Rlog_3yr | Range_Med | 85 | 2519 | 21467817839343 | 0.0173467 | 500.531 | 4009330
Rlog_3yr | Range_Med | 86 | 822 | 6368690312158 | 0.0173467 | 500.531 | 4009330
Rlog_3yr | Range_Med | 87 | 1927 | 14003358716587 | 0.0173467 | 500.531 | 4009330
Rlog_3yr | Range_Med | 88 | 593 | 3133780343308 | 0.0173467 | 500.531 | 4009330
Rlog_3yr | Range_Med | 89 | 1219 | 10140779445850 | 0.0173467 | 500.531 | 4009330
Rlog_3yr | Range_Med | 90 | 117 | 899589426657 | 0.0173467 | 500.531 | 4009330
Rlog_3yr | Range_Med | 91 | 1498 | 10883994535948 | 0.0173467 | 500.531 | 4009330
Rlog_3yr | Range_Med | 92 | 2318 | 18253729003472 | 0.0173467 | 500.531 | 4009330
Rlog_3yr | Range_Med | 93 | 1399 | 10257596609932 | 0.0173467 | 500.531 | 4009330
Rlog_3yr | Range_Med | 94 | 1038 | 8149212316848 | 0.0173467 | 500.531 | 4009330
Rlog_3yr | Range_Med | 95 | 6591 | 61801148728975 | 0.0173467 | 500.531 | 4009330
Rlog_3yr | Range_Med | 96 | 4293 | 39346457514839 | 0.0173467 | 500.531 | 4009330
Rlog_3yr | Range_Med | 97 | 2060 | 16878287885482 | 0.0173467 | 500.531 | 4009330
Rlog_3yr | Range_Med | 98 | 4016 | 33925920043661 | 0.0173467 | 500.531 | 4009330
Rlog_3yr | Range_Med | 99 | 2047 | 15810093998592 | 0.0173467 | 500.531 | 4009330
Rlog_3yr | Range_Large | 0 | 2677 | 15019869938141 | 0.0954833 | 504.738 | 4009330
Rlog_3yr | Range_Large | 1 | 1360 | 8857178122985 | 0.0954833 | 504.738 | 4009330
Rlog_3yr | Range_Large | 2 | 5695 | 49013828815236 | 0.0954833 | 504.738 | 4009330
Rlog_3yr | Range_Large | 3 | 5661 | 39985911589412 | 0.0954833 | 504.738 | 4009330
Rlog_3yr | Range_Large | 4 | 6230 | 47615013759333 | 0.0954833 | 504.738 | 4009330
Rlog_3yr | Range_Large | 5 | 895 | 3922673515062 | 0.0954833 | 504.738 | 4009330
Rlog_3yr | Range_Large | 6 | 1284 | 6370473296228 | 0.0954833 | 504.738 | 4009330
Rlog_3yr | Range_Large | 7 | 19750 | 171908416894920 | 0.0954833 | 504.738 | 4009330
Rlog_3yr | Range_Large | 8 | 4130 | 33223091056357 | 0.0954833 | 504.738 | 4009330
Rlog_3yr | Range_Large | 9 | 3855 | 32653077207110 | 0.0954833 | 504.738 | 4009330
Rlog_3yr | Range_Large | 10 | 2908 | 16687672169729 | 0.0954833 | 504.738 | 4009330
Rlog_3yr | Range_Large | 11 | 4675 | 30207233951441 | 0.0954833 | 504.738 | 4009330
Rlog_3yr | Range_Large | 12 | 11855 | 94857859112979 | 0.0954833 | 504.738 | 4009330
Rlog_3yr | Range_Large | 13 | 3863 | 22683938432218 | 0.0954833 | 504.738 | 4009330
Rlog_3yr | Range_Large | 14 | 8684 | 67877730505519 | 0.0954833 | 504.738 | 4009330
Rlog_3yr | Range_Large | 15 | 1597 | 8378547601133 | 0.0954833 | 504.738 | 4009330
Rlog_3yr | Range_Large | 16 | 7578 | 59962219270280 | 0.0954833 | 504.738 | 4009330
Rlog_3yr | Range_Large | 17 | 6747 | 41622540222545 | 0.0954833 | 504.738 | 4009330
Rlog_3yr | Range_Large | 18 | 13444 | 106476150749642 | 0.0954833 | 504.738 | 4009330
Rlog_3yr | Range_Large | 19 | 19238 | 153396777710898 | 0.0954833 | 504.738 | 4009330
Rlog_3yr | Range_Large | 20 | 9246 | 79419075823679 | 0.0954833 | 504.738 | 4009330
Rlog_3yr | Range_Large | 21 | 31291 | 281220328184642 | 0.0954833 | 504.738 | 4009330
Rlog_3yr | Range_Large | 22 | 1822 | 12450827549057 | 0.0954833 | 504.738 | 4009330
Rlog_3yr | Range_Large | 23 | 6721 | 60263345779321 | 0.0954833 | 504.738 | 4009330
Rlog_3yr | Range_Large | 24 | 9180 | 73343401771580 | 0.0954833 | 504.738 | 4009330
Rlog_3yr | Range_Large | 25 | 3185 | 23129532726072 | 0.0954833 | 504.738 | 4009330
Rlog_3yr | Range_Large | 26 | 14814 | 93012326995304 | 0.0954833 | 504.738 | 4009330
Rlog_3yr | Range_Large | 27 | 2074 | 12294857279096 | 0.0954833 | 504.738 | 4009330
Rlog_3yr | Range_Large | 28 | 27253 | 232820255308389 | 0.0954833 | 504.738 | 4009330
Rlog_3yr | Range_Large | 29 | 32820 | 272926473918177 | 0.0954833 | 504.738 | 4009330
Rlog_3yr | Range_Large | 30 | 3664 | 19311252461691 | 0.0954833 | 504.738 | 4009330
Rlog_3yr | Range_Large | 31 | 14707 | 139605953930119 | 0.0954833 | 504.738 | 4009330
Rlog_3yr | Range_Large | 32 | 3532 | 23608912985973 | 0.0954833 | 504.738 | 4009330
Rlog_3yr | Range_Large | 33 | 28295 | 246276672958156 | 0.0954833 | 504.738 | 4009330
Rlog_3yr | Range_Large | 34 | 1763 | 10024010615225 | 0.0954833 | 504.738 | 4009330
Rlog_3yr | Range_Large | 35 | 4215 | 25655999065118 | 0.0954833 | 504.738 | 4009330
Rlog_3yr | Range_Large | 36 | 4409 | 30805075571711 | 0.0954833 | 504.738 | 4009330
Rlog_3yr | Range_Large | 37 | 4656 | 39624027902878 | 0.0954833 | 504.738 | 4009330
Rlog_3yr | Range_Large | 38 | 25327 | 232526104298351 | 0.0954833 | 504.738 | 4009330
Rlog_3yr | Range_Large | 39 | 10537 | 96894524512637 | 0.0954833 | 504.738 | 4009330
Rlog_3yr | Range_Large | 40 | 4797 | 28048837253724 | 0.0954833 | 504.738 | 4009330
Rlog_3yr | Range_Large | 41 | 15130 | 126495539495954 | 0.0954833 | 504.738 | 4009330
Rlog_3yr | Range_Large | 42 | 111088 | 992051815795887 | 0.0954833 | 504.738 | 4009330
Rlog_3yr | Range_Large | 43 | 7028 | 59742086785407 | 0.0954833 | 504.738 | 4009330
Rlog_3yr | Range_Large | 44 | 923 | 6200787019656 | 0.0954833 | 504.738 | 4009330
Rlog_3yr | Range_Large | 45 | 3182 | 13888897250414 | 0.0954833 | 504.738 | 4009330
Rlog_3yr | Range_Large | 46 | 12722 | 107995994720476 | 0.0954833 | 504.738 | 4009330
Rlog_3yr | Range_Large | 47 | 23189 | 199923424010889 | 0.0954833 | 504.738 | 4009330
Rlog_3yr | Range_Large | 48 | 16517 | 144829941952608 | 0.0954833 | 504.738 | 4009330
Rlog_3yr | Range_Large | 49 | 6997 | 44383164603067 | 0.0954833 | 504.738 | 4009330
Rlog_3yr | Range_Large | 50 | 6704 | 54527243202705 | 0.0954833 | 504.738 | 4009330
Rlog_3yr | Range_Large | 51 | 3386 | 23509823208137 | 0.0954833 | 504.738 | 4009330
Rlog_3yr | Range_Large | 52 | 3889 | 20695388418904 | 0.0954833 | 504.738 | 4009330
Rlog_3yr | Range_Large | 53 | 2055 | 11423171829390 | 0.0954833 | 504.738 | 4009330
Rlog_3yr | Range_Large | 54 | 1389 | 6198790428680 | 0.0954833 | 504.738 | 4009330
Rlog_3yr | Range_Large | 55 | 2702 | 13150707237759 | 0.0954833 | 504.738 | 4009330
Rlog_3yr | Range_Large | 56 | 33572 | 299227806134033 | 0.0954833 | 504.738 | 4009330
Rlog_3yr | Range_Large | 57 | 3633 | 21686872936550 | 0.0954833 | 504.738 | 4009330
Rlog_3yr | Range_Large | 58 | 2633 | 13066978702052 | 0.0954833 | 504.738 | 4009330
Rlog_3yr | Range_Large | 59 | 6751 | 53271206337329 | 0.0954833 | 504.738 | 4009330
Rlog_3yr | Range_Large | 60 | 10179 | 82560174438617 | 0.0954833 | 504.738 | 4009330
Rlog_3yr | Range_Large | 61 | 8431 | 65449165781265 | 0.0954833 | 504.738 | 4009330
Rlog_3yr | Range_Large | 62 | 1897 | 10692843889378 | 0.0954833 | 504.738 | 4009330
Rlog_3yr | Range_Large | 63 | 34451 | 313099795862034 | 0.0954833 | 504.738 | 4009330
Rlog_3yr | Range_Large | 64 | 11536 | 84668663507615 | 0.0954833 | 504.738 | 4009330
Rlog_3yr | Range_Large | 65 | 3590 | 18398003834800 | 0.0954833 | 504.738 | 4009330
Rlog_3yr | Range_Large | 66 | 12825 | 102313341996126 | 0.0954833 | 504.738 | 4009330
Rlog_3yr | Range_Large | 67 | 53439 | 501967553048692 | 0.0954833 | 504.738 | 4009330
Rlog_3yr | Range_Large | 68 | 15616 | 133986459233005 | 0.0954833 | 504.738 | 4009330
Rlog_3yr | Range_Large | 69 | 8417 | 70736192230788 | 0.0954833 | 504.738 | 4009330
Rlog_3yr | Range_Large | 70 | 3399 | 16342145478155 | 0.0954833 | 504.738 | 4009330
Rlog_3yr | Range_Large | 71 | 5003 | 29159187768482 | 0.0954833 | 504.738 | 4009330
Rlog_3yr | Range_Large | 72 | 26967 | 238309811613835 | 0.0954833 | 504.738 | 4009330
Rlog_3yr | Range_Large | 73 | 4139 | 17473399345049 | 0.0954833 | 504.738 | 4009330
Rlog_3yr | Range_Large | 74 | 2769 | 13470305259219 | 0.0954833 | 504.738 | 4009330
Rlog_3yr | Range_Large | 75 | 13223 | 109111820268301 | 0.0954833 | 504.738 | 4009330
Rlog_3yr | Range_Large | 76 | 19809 | 178440983865969 | 0.0954833 | 504.738 | 4009330
Rlog_3yr | Range_Large | 77 | 17824 | 149964783036111 | 0.0954833 | 504.738 | 4009330
Rlog_3yr | Range_Large | 78 | 2716 | 11941705233150 | 0.0954833 | 504.738 | 4009330
Rlog_3yr | Range_Large | 79 | 6301 | 39456340935581 | 0.0954833 | 504.738 | 4009330
Rlog_3yr | Range_Large | 80 | 21344 | 176784576545244 | 0.0954833 | 504.738 | 4009330
Rlog_3yr | Range_Large | 81 | 13006 | 105401188519304 | 0.0954833 | 504.738 | 4009330
Rlog_3yr | Range_Large | 82 | 8823 | 56360579582800 | 0.0954833 | 504.738 | 4009330
Rlog_3yr | Range_Large | 83 | 2965 | 24867357891965 | 0.0954833 | 504.738 | 4009330
Rlog_3yr | Range_Large | 84 | 6556 | 51859115488165 | 0.0954833 | 504.738 | 4009330
Rlog_3yr | Range_Large | 85 | 2009 | 15938178382211 | 0.0954833 | 504.738 | 4009330
Rlog_3yr | Range_Large | 86 | 4386 | 31177023538235 | 0.0954833 | 504.738 | 4009330
Rlog_3yr | Range_Large | 87 | 4268 | 33805339574678 | 0.0954833 | 504.738 | 4009330
Rlog_3yr | Range_Large | 88 | 8799 | 79398507695731 | 0.0954833 | 504.738 | 4009330
Rlog_3yr | Range_Large | 89 | 14004 | 121771132947533 | 0.0954833 | 504.738 | 4009330
Rlog_3yr | Range_Large | 90 | 2639 | 19336097422019 | 0.0954833 | 504.738 | 4009330
Rlog_3yr | Range_Large | 91 | 19824 | 189371133400263 | 0.0954833 | 504.738 | 4009330
Rlog_3yr | Range_Large | 92 | 5994 | 43599404912319 | 0.0954833 | 504.738 | 4009330
Rlog_3yr | Range_Large | 93 | 8937 | 80715669149359 | 0.0954833 | 504.738 | 4009330
Rlog_3yr | Range_Large | 94 | 2343 | 16542805385340 | 0.0954833 | 504.738 | 4009330
Rlog_3yr | Range_Large | 95 | 20922 | 179799170600990 | 0.0954833 | 504.738 | 4009330
Rlog_3yr | Range_Large | 96 | 17349 | 147024250869673 | 0.0954833 | 504.738 | 4009330
Rlog_3yr | Range_Large | 97 | 1548 | 9720954177235 | 0.0954833 | 504.738 | 4009330
Rlog_3yr | Range_Large | 98 | 4214 | 28799616583281 | 0.0954833 | 504.738 | 4009330
Rlog_3yr | Range_Large | 99 | 2857 | 21459320939608 | 0.0954833 | 504.738 | 4009330
Rlog_3yr | KNN_1 | 0 | 1 | 4095439472 | 0.00415333 | 504.738 | 4009330
Rlog_3yr | KNN_1 | 1 | 1 | 4370643766 | 0.00415333 | 504.738 | 4009330
Rlog_3yr | KNN_1 | 2 | 1 | 3423783342 | 0.00415333 | 504.738 | 4009330
Rlog_3yr | KNN_1 | 3 | 1 | 4659932508 | 0.00415333 | 504.738 | 4009330
Rlog_3yr | KNN_1 | 4 | 1 | 3975691012 | 0.00415333 | 504.738 | 4009330
Rlog_3yr | KNN_1 | 5 | 1 | 4015260011 | 0.00415333 | 504.738 | 4009330
Rlog_3yr | KNN_1 | 6 | 1 | 1986932417 | 0.00415333 | 504.738 | 4009330
Rlog_3yr | KNN_1 | 7 | 1 | 4214893403 | 0.00415333 | 504.738 | 4009330
Rlog_3yr | KNN_1 | 8 | 1 | 6658592868 | 0.00415333 | 504.738 | 4009330
Rlog_3yr | KNN_1 | 9 | 1 | 6350884028 | 0.00415333 | 504.738 | 4009330
Rlog_3yr | KNN_1 | 10 | 1 | 1467075001 | 0.00415333 | 504.738 | 4009330
Rlog_3yr | KNN_1 | 11 | 1 | 3951629707 | 0.00415333 | 504.738 | 4009330
Rlog_3yr | KNN_1 | 12 | 1 | 4315515938 | 0.00415333 | 504.738 | 4009330
Rlog_3yr | KNN_1 | 13 | 1 | 5745192983 | 0.00415333 | 504.738 | 4009330
Rlog_3yr | KNN_1 | 14 | 1 | 3004599650 | 0.00415333 | 504.738 | 4009330
Rlog_3yr | KNN_1 | 15 | 1 | 4643132681 | 0.00415333 | 504.738 | 4009330
Rlog_3yr | KNN_1 | 16 | 1 | 3951652543 | 0.00415333 | 504.738 | 4009330
Rlog_3yr | KNN_1 | 17 | 1 | 6249750970 | 0.00415333 | 504.738 | 4009330
Rlog_3yr | KNN_1 | 18 | 1 | 4664385815 | 0.00415333 | 504.738 | 4009330
Rlog_3yr | KNN_1 | 19 | 1 | 3415138006 | 0.00415333 | 504.738 | 4009330
Rlog_3yr | KNN_1 | 20 | 1 | 5335114523 | 0.00415333 | 504.738 | 4009330
Rlog_3yr | KNN_1 | 21 | 1 | 4104253377 | 0.00415333 | 504.738 | 4009330
Rlog_3yr | KNN_1 | 22 | 1 | 1467921093 | 0.00415333 | 504.738 | 4009330
Rlog_3yr | KNN_1 | 23 | 1 | 6994315285 | 0.00415333 | 504.738 | 4009330
Rlog_3yr | KNN_1 | 24 | 1 | 4209804023 | 0.00415333 | 504.738 | 4009330
Rlog_3yr | KNN_1 | 25 | 1 | 7040641170 | 0.00415333 | 504.738 | 4009330
Rlog_3yr | KNN_1 | 26 | 1 | 5955587507 | 0.00415333 | 504.738 | 4009330
Rlog_3yr | KNN_1 | 27 | 1 | 8227697976 | 0.00415333 | 504.738 | 4009330
Rlog_3yr | KNN_1 | 28 | 1 | 4304593930 | 0.00415333 | 504.738 | 4009330
Rlog_3yr | KNN_1 | 29 | 1 | 3460327963 | 0.00415333 | 504.738 | 4009330
Rlog_3yr | KNN_1 | 30 | 1 | 4660101422 | 0.00415333 | 504.738 | 4009330
Rlog_3yr | KNN_1 | 31 | 1 | 5821313719 | 0.00415333 | 504.738 | 4009330
Rlog_3yr | KNN_1 | 32 | 1 | 4575510385 | 0.00415333 | 504.738 | 4009330
Rlog_3yr | KNN_1 | 33 | 1 | 4691926223 | 0.00415333 | 504.738 | 4009330
Rlog_3yr | KNN_1 | 34 | 1 | 3951746747 | 0.00415333 | 504.738 | 4009330
Rlog_3yr | KNN_1 | 35 | 1 | 5872395063 | 0.00415333 | 504.738 | 4009330
Rlog_3yr | KNN_1 | 36 | 1 | 6582337764 | 0.00415333 | 504.738 | 4009330
Rlog_3yr | KNN_1 | 37 | 1 | 3413505808 | 0.00415333 | 504.738 | 4009330
Rlog_3yr | KNN_1 | 38 | 1 | 2032256219 | 0.00415333 | 504.738 | 4009330
Rlog_3yr | KNN_1 | 39 | 1 | 4911455899 | 0.00415333 | 504.738 | 4009330
Rlog_3yr | KNN_1 | 40 | 1 | 6308789186 | 0.00415333 | 504.738 | 4009330
Rlog_3yr | KNN_1 | 41 | 1 | 2535069224 | 0.00415333 | 504.738 | 4009330
Rlog_3yr | KNN_1 | 42 | 1 | 5759058741 | 0.00415333 | 504.738 | 4009330
Rlog_3yr | KNN_1 | 43 | 1 | 3522069365 | 0.00415333 | 504.738 | 4009330
Rlog_3yr | KNN_1 | 44 | 1 | 5914665497 | 0.00415333 | 504.738 | 4009330
Rlog_3yr | KNN_1 | 45 | 1 | 6216850957 | 0.00415333 | 504.738 | 4009330
Rlog_3yr | KNN_1 | 46 | 1 | 5859367565 | 0.00415333 | 504.738 | 4009330
Rlog_3yr | KNN_1 | 47 | 1 | 6566530395 | 0.00415333 | 504.738 | 4009330
Rlog_3yr | KNN_1 | 48 | 1 | 4917059886 | 0.00415333 | 504.738 | 4009330
Rlog_3yr | KNN_1 | 49 | 1 | 4145147721 | 0.00415333 | 504.738 | 4009330
Rlog_3yr | KNN_1 | 50 | 1 | 8238481876 | 0.00415333 | 504.738 | 4009330
Rlog_3yr | KNN_1 | 51 | 1 | 4166293692 | 0.00415333 | 504.738 | 4009330
Rlog_3yr | KNN_1 | 52 | 1 | 4521098139 | 0.00415333 | 504.738 | 4009330
Rlog_3yr | KNN_1 | 53 | 1 | 6929837790 | 0.00415333 | 504.738 | 4009330
Rlog_3yr | KNN_1 | 54 | 1 | 3423272847 | 0.00415333 | 504.738 | 4009330
Rlog_3yr | KNN_1 | 55 | 1 | 5907961020 | 0.00415333 | 504.738 | 4009330
Rlog_3yr | KNN_1 | 56 | 1 | 6037361476 | 0.00415333 | 504.738 | 4009330
Rlog_3yr | KNN_1 | 57 | 1 | 7497469507 | 0.00415333 | 504.738 | 4009330
Rlog_3yr | KNN_1 | 58 | 1 | 4989185664 | 0.00415333 | 504.738 | 4009330
Rlog_3yr | KNN_1 | 59 | 1 | 3460272389 | 0.00415333 | 504.738 | 4009330
Rlog_3yr | KNN_1 | 60 | 1 | 2896213934 | 0.00415333 | 504.738 | 4009330
Rlog_3yr | KNN_1 | 61 | 1 | 3976988124 | 0.00415333 | 504.738 | 4009330
Rlog_3yr | KNN_1 | 62 | 1 | 5879555199 | 0.00415333 | 504.738 | 4009330
Rlog_3yr | KNN_1 | 63 | 1 | 4336043679 | 0.00415333 | 504.738 | 4009330
Rlog_3yr | KNN_1 | 64 | 1 | 5754273967 | 0.00415333 | 504.738 | 4009330
Rlog_3yr | KNN_1 | 65 | 1 | 7691769940 | 0.00415333 | 504.738 | 4009330
Rlog_3yr | KNN_1 | 66 | 1 | 3992912180 | 0.00415333 | 504.738 | 4009330
Rlog_3yr | KNN_1 | 67 | 1 | 4692942395 | 0.00415333 | 504.738 | 4009330
Rlog_3yr | KNN_1 | 68 | 1 | 3003565111 | 0.00415333 | 504.738 | 4009330
Rlog_3yr | KNN_1 | 69 | 1 | 4095787505 | 0.00415333 | 504.738 | 4009330
Rlog_3yr | KNN_1 | 70 | 1 | 3423327076 | 0.00415333 | 504.738 | 4009330
Rlog_3yr | KNN_1 | 71 | 1 | 7023519320 | 0.00415333 | 504.738 | 4009330
Rlog_3yr | KNN_1 | 72 | 1 | 3999786458 | 0.00415333 | 504.738 | 4009330
Rlog_3yr | KNN_1 | 73 | 1 | 6536713779 | 0.00415333 | 504.738 | 4009330
Rlog_3yr | KNN_1 | 74 | 1 | 7540835216 | 0.00415333 | 504.738 | 4009330
Rlog_3yr | KNN_1 | 75 | 1 | 7494703456 | 0.00415333 | 504.738 | 4009330
Rlog_3yr | KNN_1 | 76 | 1 | 5238465961 | 0.00415333 | 504.738 | 4009330
Rlog_3yr | KNN_1 | 77 | 1 | 5634865051 | 0.00415333 | 504.738 | 4009330
Rlog_3yr | KNN_1 | 78 | 1 | 5956937359 | 0.00415333 | 504.738 | 4009330
Rlog_3yr | KNN_1 | 79 | 1 | 4144849949 | 0.00415333 | 504.738 | 4009330
Rlog_3yr | KNN_1 | 80 | 1 | 7490420676 | 0.00415333 | 504.738 | 4009330
Rlog_3yr | KNN_1 | 81 | 1 | 5955448183 | 0.00415333 | 504.738 | 4009330
Rlog_3yr | KNN_1 | 82 | 1 | 4584269691 | 0.00415333 | 504.738 | 4009330
Rlog_3yr | KNN_1 | 83 | 1 | 4144954651 | 0.00415333 | 504.738 | 4009330
Rlog_3yr | KNN_1 | 84 | 1 | 4642986013 | 0.00415333 | 504.738 | 4009330
Rlog_3yr | KNN_1 | 85 | 1 | 5214756644 | 0.00415333 | 504.738 | 4009330
Rlog_3yr | KNN_1 | 86 | 1 | 8270346157 | 0.00415333 | 504.738 | 4009330
Rlog_3yr | KNN_1 | 87 | 1 | 4015258603 | 0.00415333 | 504.738 | 4009330
Rlog_3yr | KNN_1 | 88 | 1 | 4700090044 | 0.00415333 | 504.738 | 4009330
Rlog_3yr | KNN_1 | 89 | 1 | 4978713359 | 0.00415333 | 504.738 | 4009330
Rlog_3yr | KNN_1 | 90 | 1 | 4231465052 | 0.00415333 | 504.738 | 4009330
Rlog_3yr | KNN_1 | 91 | 1 | 4610684133 | 0.00415333 | 504.738 | 4009330
Rlog_3yr | KNN_1 | 92 | 1 | 5907881521 | 0.00415333 | 504.738 | 4009330
Rlog_3yr | KNN_1 | 93 | 1 | 3699122080 | 0.00415333 | 504.738 | 4009330
Rlog_3yr | KNN_1 | 94 | 1 | 2088368068 | 0.00415333 | 504.738 | 4009330
Rlog_3yr | KNN_1 | 95 | 1 | 4360893459 | 0.00415333 | 504.738 | 4009330
Rlog_3yr | KNN_1 | 96 | 1 | 3482562084 | 0.00415333 | 504.738 | 4009330
Rlog_3yr | KNN_1 | 97 | 1 | 3730558516 | 0.00415333 | 504.738 | 4009330
Rlog_3yr | KNN_1 | 98 | 1 | 3411874988 | 0.00415333 | 504.738 | 4009330
Rlog_3yr | KNN_1 | 99 | 1 | 3418450182 | 0.00415333 | 504.738 | 4009330
Rlog_3yr | KNN_10 | 0 | 10 | 43360343206 | 0.00478333 | 504.738 | 4009330
Rlog_3yr | KNN_10 | 1 | 10 | 72578113415 | 0.00478333 | 504.738 | 4009330
Rlog_3yr | KNN_10 | 2 | 10 | 70401543299 | 0.00478333 | 504.738 | 4009330
Rlog_3yr | KNN_10 | 3 | 10 | 52854164081 | 0.00478333 | 504.738 | 4009330
Rlog_3yr | KNN_10 | 4 | 10 | 78701988428 | 0.00478333 | 504.738 | 4009330
Rlog_3yr | KNN_10 | 5 | 10 | 61344540150 | 0.00478333 | 504.738 | 4009330
Rlog_3yr | KNN_10 | 6 | 10 | 45934154142 | 0.00478333 | 504.738 | 4009330
Rlog_3yr | KNN_10 | 7 | 10 | 60836255669 | 0.00478333 | 504.738 | 4009330
Rlog_3yr | KNN_10 | 8 | 10 | 56221905201 | 0.00478333 | 504.738 | 4009330
Rlog_3yr | KNN_10 | 9 | 10 | 41839545637 | 0.00478333 | 504.738 | 4009330
Rlog_3yr | KNN_10 | 10 | 10 | 75310207722 | 0.00478333 | 504.738 | 4009330
Rlog_3yr | KNN_10 | 11 | 10 | 51839047602 | 0.00478333 | 504.738 | 4009330
Rlog_3yr | KNN_10 | 12 | 10 | 19872895196 | 0.00478333 | 504.738 | 4009330
Rlog_3yr | KNN_10 | 13 | 10 | 42345402555 | 0.00478333 | 504.738 | 4009330
Rlog_3yr | KNN_10 | 14 | 10 | 57613505335 | 0.00478333 | 504.738 | 4009330
Rlog_3yr | KNN_10 | 15 | 10 | 55510861611 | 0.00478333 | 504.738 | 4009330
Rlog_3yr | KNN_10 | 16 | 10 | 79974789816 | 0.00478333 | 504.738 | 4009330
Rlog_3yr | KNN_10 | 17 | 10 | 72699484690 | 0.00478333 | 504.738 | 4009330
Rlog_3yr | KNN_10 | 18 | 10 | 68958270087 | 0.00478333 | 504.738 | 4009330
Rlog_3yr | KNN_10 | 19 | 10 | 49609152193 | 0.00478333 | 504.738 | 4009330
Rlog_3yr | KNN_10 | 20 | 10 | 42120862607 | 0.00478333 | 504.738 | 4009330
Rlog_3yr | KNN_10 | 21 | 10 | 37317856801 | 0.00478333 | 504.738 | 4009330
Rlog_3yr | KNN_10 | 22 | 10 | 61260549892 | 0.00478333 | 504.738 | 4009330
Rlog_3yr | KNN_10 | 23 | 10 | 20316771943 | 0.00478333 | 504.738 | 4009330
Rlog_3yr | KNN_10 | 24 | 10 | 36076575689 | 0.00478333 | 504.738 | 4009330
Rlog_3yr | KNN_10 | 25 | 10 | 77780273245 | 0.00478333 | 504.738 | 4009330
Rlog_3yr | KNN_10 | 26 | 10 | 51026808820 | 0.00478333 | 504.738 | 4009330
Rlog_3yr | KNN_10 | 27 | 10 | 42148944138 | 0.00478333 | 504.738 | 4009330
Rlog_3yr | KNN_10 | 28 | 10 | 34910644130 | 0.00478333 | 504.738 | 4009330
Rlog_3yr | KNN_10 | 29 | 10 | 45993848283 | 0.00478333 | 504.738 | 4009330
Rlog_3yr | KNN_10 | 30 | 10 | 90840353062 | 0.00478333 | 504.738 | 4009330
Rlog_3yr | KNN_10 | 31 | 10 | 45720846383 | 0.00478333 | 504.738 | 4009330
Rlog_3yr | KNN_10 | 32 | 10 | 80817949353 | 0.00478333 | 504.738 | 4009330
Rlog_3yr | KNN_10 | 33 | 10 | 63627354799 | 0.00478333 | 504.738 | 4009330
Rlog_3yr | KNN_10 | 34 | 10 | 22469890537 | 0.00478333 | 504.738 | 4009330
Rlog_3yr | KNN_10 | 35 | 10 | 53487688681 | 0.00478333 | 504.738 | 4009330
Rlog_3yr | KNN_10 | 36 | 10 | 39750604022 | 0.00478333 | 504.738 | 4009330
Rlog_3yr | KNN_10 | 37 | 10 | 46613663929 | 0.00478333 | 504.738 | 4009330
Rlog_3yr | KNN_10 | 38 | 10 | 41430877375 | 0.00478333 | 504.738 | 4009330
Rlog_3yr | KNN_10 | 39 | 10 | 58719892497 | 0.00478333 | 504.738 | 4009330
Rlog_3yr | KNN_10 | 40 | 10 | 68501386975 | 0.00478333 | 504.738 | 4009330
Rlog_3yr | KNN_10 | 41 | 10 | 64444278966 | 0.00478333 | 504.738 | 4009330
Rlog_3yr | KNN_10 | 42 | 10 | 88749691379 | 0.00478333 | 504.738 | 4009330
Rlog_3yr | KNN_10 | 43 | 10 | 59831194270 | 0.00478333 | 504.738 | 4009330
Rlog_3yr | KNN_10 | 44 | 10 | 43376600189 | 0.00478333 | 504.738 | 4009330
Rlog_3yr | KNN_10 | 45 | 10 | 73918701445 | 0.00478333 | 504.738 | 4009330
Rlog_3yr | KNN_10 | 46 | 10 | 45344679360 | 0.00478333 | 504.738 | 4009330
Rlog_3yr | KNN_10 | 47 | 10 | 42054230157 | 0.00478333 | 504.738 | 4009330
Rlog_3yr | KNN_10 | 48 | 10 | 41098135133 | 0.00478333 | 504.738 | 4009330
Rlog_3yr | KNN_10 | 49 | 10 | 34184282735 | 0.00478333 | 504.738 | 4009330
Rlog_3yr | KNN_10 | 50 | 10 | 70173218685 | 0.00478333 | 504.738 | 4009330
Rlog_3yr | KNN_10 | 51 | 10 | 82777935762 | 0.00478333 | 504.738 | 4009330
Rlog_3yr | KNN_10 | 52 | 10 | 41060580339 | 0.00478333 | 504.738 | 4009330
Rlog_3yr | KNN_10 | 53 | 10 | 81160031314 | 0.00478333 | 504.738 | 4009330
Rlog_3yr | KNN_10 | 54 | 10 | 58229444718 | 0.00478333 | 504.738 | 4009330
Rlog_3yr | KNN_10 | 55 | 10 | 53789212123 | 0.00478333 | 504.738 | 4009330
Rlog_3yr | KNN_10 | 56 | 10 | 46580325161 | 0.00478333 | 504.738 | 4009330
Rlog_3yr | KNN_10 | 57 | 10 | 39602710532 | 0.00478333 | 504.738 | 4009330
Rlog_3yr | KNN_10 | 58 | 10 | 79974787815 | 0.00478333 | 504.738 | 4009330
Rlog_3yr | KNN_10 | 59 | 10 | 49180956973 | 0.00478333 | 504.738 | 4009330
Rlog_3yr | KNN_10 | 60 | 10 | 49180009915 | 0.00478333 | 504.738 | 4009330
Rlog_3yr | KNN_10 | 61 | 10 | 42121383864 | 0.00478333 | 504.738 | 4009330
Rlog_3yr | KNN_10 | 62 | 10 | 23423978309 | 0.00478333 | 504.738 | 4009330
Rlog_3yr | KNN_10 | 63 | 10 | 43093149766 | 0.00478333 | 504.738 | 4009330
Rlog_3yr | KNN_10 | 64 | 10 | 57613654607 | 0.00478333 | 504.738 | 4009330
Rlog_3yr | KNN_10 | 65 | 10 | 30054855256 | 0.00478333 | 504.738 | 4009330
Rlog_3yr | KNN_10 | 66 | 10 | 42336552187 | 0.00478333 | 504.738 | 4009330
Rlog_3yr | KNN_10 | 67 | 10 | 72309094682 | 0.00478333 | 504.738 | 4009330
Rlog_3yr | KNN_10 | 68 | 10 | 57117175622 | 0.00478333 | 504.738 | 4009330
Rlog_3yr | KNN_10 | 69 | 10 | 41096145832 | 0.00478333 | 504.738 | 4009330
Rlog_3yr | KNN_10 | 70 | 10 | 42144636955 | 0.00478333 | 504.738 | 4009330
Rlog_3yr | KNN_10 | 71 | 10 | 42121005045 | 0.00478333 | 504.738 | 4009330
Rlog_3yr | KNN_10 | 72 | 10 | 46981378011 | 0.00478333 | 504.738 | 4009330
Rlog_3yr | KNN_10 | 73 | 10 | 42102936592 | 0.00478333 | 504.738 | 4009330
Rlog_3yr | KNN_10 | 74 | 10 | 34232726702 | 0.00478333 | 504.738 | 4009330
Rlog_3yr | KNN_10 | 75 | 10 | 53029419133 | 0.00478333 | 504.738 | 4009330
Rlog_3yr | KNN_10 | 76 | 10 | 72970804869 | 0.00478333 | 504.738 | 4009330
Rlog_3yr | KNN_10 | 77 | 10 | 65776101383 | 0.00478333 | 504.738 | 4009330
Rlog_3yr | KNN_10 | 78 | 10 | 46314621992 | 0.00478333 | 504.738 | 4009330
Rlog_3yr | KNN_10 | 79 | 10 | 64889829135 | 0.00478333 | 504.738 | 4009330
Rlog_3yr | KNN_10 | 80 | 10 | 51643204404 | 0.00478333 | 504.738 | 4009330
Rlog_3yr | KNN_10 | 81 | 10 | 86698555292 | 0.00478333 | 504.738 | 4009330
Rlog_3yr | KNN_10 | 82 | 10 | 46858338830 | 0.00478333 | 504.738 | 4009330
Rlog_3yr | KNN_10 | 83 | 10 | 46059975729 | 0.00478333 | 504.738 | 4009330
Rlog_3yr | KNN_10 | 84 | 10 | 63027852359 | 0.00478333 | 504.738 | 4009330
Rlog_3yr | KNN_10 | 85 | 10 | 50748104808 | 0.00478333 | 504.738 | 4009330
Rlog_3yr | KNN_10 | 86 | 10 | 45868298441 | 0.00478333 | 504.738 | 4009330
Rlog_3yr | KNN_10 | 87 | 10 | 56547239271 | 0.00478333 | 504.738 | 4009330
Rlog_3yr | KNN_10 | 88 | 10 | 42120889479 | 0.00478333 | 504.738 | 4009330
Rlog_3yr | KNN_10 | 89 | 10 | 80493135255 | 0.00478333 | 504.738 | 4009330
Rlog_3yr | KNN_10 | 90 | 10 | 58935632629 | 0.00478333 | 504.738 | 4009330
Rlog_3yr | KNN_10 | 91 | 10 | 54725778568 | 0.00478333 | 504.738 | 4009330
Rlog_3yr | KNN_10 | 92 | 10 | 40147001877 | 0.00478333 | 504.738 | 4009330
Rlog_3yr | KNN_10 | 93 | 10 | 63508838055 | 0.00478333 | 504.738 | 4009330
Rlog_3yr | KNN_10 | 94 | 10 | 39595206783 | 0.00478333 | 504.738 | 4009330
Rlog_3yr | KNN_10 | 95 | 10 | 65290628669 | 0.00478333 | 504.738 | 4009330
Rlog_3yr | KNN_10 | 96 | 10 | 66569338287 | 0.00478333 | 504.738 | 4009330
Rlog_3yr | KNN_10 | 97 | 10 | 40184057964 | 0.00478333 | 504.738 | 4009330
Rlog_3yr | KNN_10 | 98 | 10 | 54903169408 | 0.00478333 | 504.738 | 4009330
Rlog_3yr | KNN_10 | 99 | 10 | 43387966368 | 0.00478333 | 504.738 | 4009330
Rlog_3yr | KNN_100 | 0 | 100 | 616888359069 | 0.01993 | 504.738 | 4009330
Rlog_3yr | KNN_100 | 1 | 100 | 474829052336 | 0.01993 | 504.738 | 4009330
Rlog_3yr | KNN_100 | 2 | 100 | 772810847912 | 0.01993 | 504.738 | 4009330
Rlog_3yr | KNN_100 | 3 | 100 | 870786578980 | 0.01993 | 504.738 | 4009330
Rlog_3yr | KNN_100 | 4 | 100 | 400332014468 | 0.01993 | 504.738 | 4009330
Rlog_3yr | KNN_100 | 5 | 100 | 952399972624 | 0.01993 | 504.738 | 4009330
Rlog_3yr | KNN_100 | 6 | 100 | 618026484222 | 0.01993 | 504.738 | 4009330
Rlog_3yr | KNN_100 | 7 | 100 | 434765142147 | 0.01993 | 504.738 | 4009330
Rlog_3yr | KNN_100 | 8 | 100 | 582632743622 | 0.01993 | 504.738 | 4009330
Rlog_3yr | KNN_100 | 9 | 100 | 516502094954 | 0.01993 | 504.738 | 4009330
Rlog_3yr | KNN_100 | 10 | 100 | 407601569028 | 0.01993 | 504.738 | 4009330
Rlog_3yr | KNN_100 | 11 | 100 | 748764614245 | 0.01993 | 504.738 | 4009330
Rlog_3yr | KNN_100 | 12 | 100 | 590255652829 | 0.01993 | 504.738 | 4009330
Rlog_3yr | KNN_100 | 13 | 100 | 514390925265 | 0.01993 | 504.738 | 4009330
Rlog_3yr | KNN_100 | 14 | 100 | 697401930616 | 0.01993 | 504.738 | 4009330
Rlog_3yr | KNN_100 | 15 | 100 | 463330000481 | 0.01993 | 504.738 | 4009330
Rlog_3yr | KNN_100 | 16 | 100 | 845429726396 | 0.01993 | 504.738 | 4009330
Rlog_3yr | KNN_100 | 17 | 100 | 470072894309 | 0.01993 | 504.738 | 4009330
Rlog_3yr | KNN_100 | 18 | 100 | 527276273787 | 0.01993 | 504.738 | 4009330
Rlog_3yr | KNN_100 | 19 | 100 | 401525936384 | 0.01993 | 504.738 | 4009330
Rlog_3yr | KNN_100 | 20 | 100 | 744111421099 | 0.01993 | 504.738 | 4009330
Rlog_3yr | KNN_100 | 21 | 100 | 944681293375 | 0.01993 | 504.738 | 4009330
Rlog_3yr | KNN_100 | 22 | 100 | 199319702213 | 0.01993 | 504.738 | 4009330
Rlog_3yr | KNN_100 | 23 | 100 | 414299380483 | 0.01993 | 504.738 | 4009330
Rlog_3yr | KNN_100 | 24 | 100 | 449802996714 | 0.01993 | 504.738 | 4009330
Rlog_3yr | KNN_100 | 25 | 100 | 587111669606 | 0.01993 | 504.738 | 4009330
Rlog_3yr | KNN_100 | 26 | 100 | 627565792481 | 0.01993 | 504.738 | 4009330
Rlog_3yr | KNN_100 | 27 | 100 | 600561953470 | 0.01993 | 504.738 | 4009330
Rlog_3yr | KNN_100 | 28 | 100 | 855342385504 | 0.01993 | 504.738 | 4009330
Rlog_3yr | KNN_100 | 29 | 100 | 868130803842 | 0.01993 | 504.738 | 4009330
Rlog_3yr | KNN_100 | 30 | 100 | 465969472950 | 0.01993 | 504.738 | 4009330
Rlog_3yr | KNN_100 | 31 | 100 | 416208768295 | 0.01993 | 504.738 | 4009330
Rlog_3yr | KNN_100 | 32 | 100 | 768930576719 | 0.01993 | 504.738 | 4009330
Rlog_3yr | KNN_100 | 33 | 100 | 1009752240678 | 0.01993 | 504.738 | 4009330
Rlog_3yr | KNN_100 | 34 | 100 | 407508656485 | 0.01993 | 504.738 | 4009330
Rlog_3yr | KNN_100 | 35 | 100 | 576203500677 | 0.01993 | 504.738 | 4009330
Rlog_3yr | KNN_100 | 36 | 100 | 802176275242 | 0.01993 | 504.738 | 4009330
Rlog_3yr | KNN_100 | 37 | 100 | 793608318114 | 0.01993 | 504.738 | 4009330
Rlog_3yr | KNN_100 | 38 | 100 | 1094478557644 | 0.01993 | 504.738 | 4009330
Rlog_3yr | KNN_100 | 39 | 100 | 468454087252 | 0.01993 | 504.738 | 4009330
Rlog_3yr | KNN_100 | 40 | 100 | 704954002989 | 0.01993 | 504.738 | 4009330
Rlog_3yr | KNN_100 | 41 | 100 | 428979140267 | 0.01993 | 504.738 | 4009330
Rlog_3yr | KNN_100 | 42 | 100 | 847534836592 | 0.01993 | 504.738 | 4009330
Rlog_3yr | KNN_100 | 43 | 100 | 886910544302 | 0.01993 | 504.738 | 4009330
Rlog_3yr | KNN_100 | 44 | 100 | 479868124341 | 0.01993 | 504.738 | 4009330
Rlog_3yr | KNN_100 | 45 | 100 | 809055792082 | 0.01993 | 504.738 | 4009330
Rlog_3yr | KNN_100 | 46 | 100 | 635088296583 | 0.01993 | 504.738 | 4009330
Rlog_3yr | KNN_100 | 47 | 100 | 439916332189 | 0.01993 | 504.738 | 4009330
Rlog_3yr | KNN_100 | 48 | 100 | 844533385433 | 0.01993 | 504.738 | 4009330
Rlog_3yr | KNN_100 | 49 | 100 | 584149617382 | 0.01993 | 504.738 | 4009330
Rlog_3yr | KNN_100 | 50 | 100 | 639786863426 | 0.01993 | 504.738 | 4009330
Rlog_3yr | KNN_100 | 51 | 100 | 482220765728 | 0.01993 | 504.738 | 4009330
Rlog_3yr | KNN_100 | 52 | 100 | 809384020776 | 0.01993 | 504.738 | 4009330
Rlog_3yr | KNN_100 | 53 | 100 | 972052798981 | 0.01993 | 504.738 | 4009330
Rlog_3yr | KNN_100 | 54 | 100 | 537847184537 | 0.01993 | 504.738 | 4009330
Rlog_3yr | KNN_100 | 55 | 100 | 558560235079 | 0.01993 | 504.738 | 4009330
Rlog_3yr | KNN_100 | 56 | 100 | 481128750576 | 0.01993 | 504.738 | 4009330
Rlog_3yr | KNN_100 | 57 | 100 | 449205182677 | 0.01993 | 504.738 | 4009330
Rlog_3yr | KNN_100 | 58 | 100 | 471183528985 | 0.01993 | 504.738 | 4009330
Rlog_3yr | KNN_100 | 59 | 100 | 623259928490 | 0.01993 | 504.738 | 4009330
Rlog_3yr | KNN_100 | 60 | 100 | 597284751665 | 0.01993 | 504.738 | 4009330
Rlog_3yr | KNN_100 | 61 | 100 | 705458200561 | 0.01993 | 504.738 | 4009330
Rlog_3yr | KNN_100 | 62 | 100 | 606008526298 | 0.01993 | 504.738 | 4009330
Rlog_3yr | KNN_100 | 63 | 100 | 683557251066 | 0.01993 | 504.738 | 4009330
Rlog_3yr | KNN_100 | 64 | 100 | 513930550898 | 0.01993 | 504.738 | 4009330
Rlog_3yr | KNN_100 | 65 | 100 | 389890780819 | 0.01993 | 504.738 | 4009330
Rlog_3yr | KNN_100 | 66 | 100 | 766566180813 | 0.01993 | 504.738 | 4009330
Rlog_3yr | KNN_100 | 67 | 100 | 805039179272 | 0.01993 | 504.738 | 4009330
Rlog_3yr | KNN_100 | 68 | 100 | 759579087913 | 0.01993 | 504.738 | 4009330
Rlog_3yr | KNN_100 | 69 | 100 | 735947946123 | 0.01993 | 504.738 | 4009330
Rlog_3yr | KNN_100 | 70 | 100 | 756950429257 | 0.01993 | 504.738 | 4009330
Rlog_3yr | KNN_100 | 71 | 100 | 595544788040 | 0.01993 | 504.738 | 4009330
Rlog_3yr | KNN_100 | 72 | 100 | 512984261860 | 0.01993 | 504.738 | 4009330
Rlog_3yr | KNN_100 | 73 | 100 | 480808793282 | 0.01993 | 504.738 | 4009330
Rlog_3yr | KNN_100 | 74 | 100 | 771894091845 | 0.01993 | 504.738 | 4009330
Rlog_3yr | KNN_100 | 75 | 100 | 566029503393 | 0.01993 | 504.738 | 4009330
Rlog_3yr | KNN_100 | 76 | 100 | 855575565337 | 0.01993 | 504.738 | 4009330
Rlog_3yr | KNN_100 | 77 | 100 | 459658016618 | 0.01993 | 504.738 | 4009330
Rlog_3yr | KNN_100 | 78 | 100 | 424544453118 | 0.01993 | 504.738 | 4009330
Rlog_3yr | KNN_100 | 79 | 100 | 589421900336 | 0.01993 | 504.738 | 4009330
Rlog_3yr | KNN_100 | 80 | 100 | 421315581375 | 0.01993 | 504.738 | 4009330
Rlog_3yr | KNN_100 | 81 | 100 | 395372553025 | 0.01993 | 504.738 | 4009330
Rlog_3yr | KNN_100 | 82 | 100 | 580459720320 | 0.01993 | 504.738 | 4009330
Rlog_3yr | KNN_100 | 83 | 100 | 902549204704 | 0.01993 | 504.738 | 4009330
Rlog_3yr | KNN_100 | 84 | 100 | 828301470571 | 0.01993 | 504.738 | 4009330
Rlog_3yr | KNN_100 | 85 | 100 | 799723995334 | 0.01993 | 504.738 | 4009330
Rlog_3yr | KNN_100 | 86 | 100 | 421164327902 | 0.01993 | 504.738 | 4009330
Rlog_3yr | KNN_100 | 87 | 100 | 706605058765 | 0.01993 | 504.738 | 4009330
Rlog_3yr | KNN_100 | 88 | 100 | 455212647865 | 0.01993 | 504.738 | 4009330
Rlog_3yr | KNN_100 | 89 | 100 | 616525767256 | 0.01993 | 504.738 | 4009330
Rlog_3yr | KNN_100 | 90 | 100 | 480891017603 | 0.01993 | 504.738 | 4009330
Rlog_3yr | KNN_100 | 91 | 100 | 397630476667 | 0.01993 | 504.738 | 4009330
Rlog_3yr | KNN_100 | 92 | 100 | 555717807630 | 0.01993 | 504.738 | 4009330
Rlog_3yr | KNN_100 | 93 | 100 | 522615244994 | 0.01993 | 504.738 | 4009330
Rlog_3yr | KNN_100 | 94 | 100 | 662944707379 | 0.01993 | 504.738 | 4009330
Rlog_3yr | KNN_100 | 95 | 100 | 461972812085 | 0.01993 | 504.738 | 4009330
Rlog_3yr | KNN_100 | 96 | 100 | 784371485052 | 0.01993 | 504.738 | 4009330
Rlog_3yr | KNN_100 | 97 | 100 | 768547532971 | 0.01993 | 504.738 | 4009330
Rlog_3yr | KNN_100 | 98 | 100 | 569840744386 | 0.01993 | 504.738 | 4009330
Rlog_3yr | KNN_100 | 99 | 100 | 885461263652 | 0.01993 | 504.738 | 4009330
