Algo | QType | QID | Count | Hash | Time_ms | Mem_MB | Nodes
CPAMBB | Range_Small | 0 | 13 | 77370775039 | 0.00363 | 194.257 | 0
CPAMBB | Range_Small | 1 | 32 | 53711026007 | 0.00363 | 194.257 | 0
CPAMBB | Range_Small | 2 | 22 | 129856243729 | 0.00363 | 194.257 | 0
CPAMBB | Range_Small | 3 | 19 | 88049524995 | 0.00363 | 194.257 | 0
CPAMBB | Range_Small | 4 | 8 | 33823964758 | 0.00363 | 194.257 | 0
CPAMBB | Range_Small | 5 | 8 | 24044512384 | 0.00363 | 194.257 | 0
CPAMBB | Range_Small | 6 | 7 | 30210729085 | 0.00363 | 194.257 | 0
CPAMBB | Range_Small | 7 | 25 | 137139152206 | 0.00363 | 194.257 | 0
CPAMBB | Range_Small | 8 | 20 | 69205439825 | 0.00363 | 194.257 | 0
CPAMBB | Range_Small | 9 | 21 | 101048337549 | 0.00363 | 194.257 | 0
CPAMBB | Range_Small | 10 | 5 | 10444192042 | 0.00363 | 194.257 | 0
CPAMBB | Range_Small | 11 | 159 | 1224908840390 | 0.00363 | 194.257 | 0
CPAMBB | Range_Small | 12 | 25 | 131520034715 | 0.00363 | 194.257 | 0
CPAMBB | Range_Small | 13 | 64 | 498902711018 | 0.00363 | 194.257 | 0
CPAMBB | Range_Small | 14 | 9 | 62398590491 | 0.00363 | 194.257 | 0
CPAMBB | Range_Small | 15 | 9 | 42692757318 | 0.00363 | 194.257 | 0
CPAMBB | Range_Small | 16 | 12 | 56426069370 | 0.00363 | 194.257 | 0
CPAMBB | Range_Small | 17 | 17 | 54936443278 | 0.00363 | 194.257 | 0
CPAMBB | Range_Small | 18 | 91 | 300755550064 | 0.00363 | 194.257 | 0
CPAMBB | Range_Small | 19 | 11 | 49462926783 | 0.00363 | 194.257 | 0
CPAMBB | Range_Small | 20 | 36 | 238152550186 | 0.00363 | 194.257 | 0
CPAMBB | Range_Small | 21 | 8 | 20530185936 | 0.00363 | 194.257 | 0
CPAMBB | Range_Small | 22 | 14 | 111309433974 | 0.00363 | 194.257 | 0
CPAMBB | Range_Small | 23 | 34 | 249835158327 | 0.00363 | 194.257 | 0
CPAMBB | Range_Small | 24 | 24 | 85875862369 | 0.00363 | 194.257 | 0
CPAMBB | Range_Small | 25 | 23 | 109186965647 | 0.00363 | 194.257 | 0
CPAMBB | Range_Small | 26 | 18 | 75803961986 | 0.00363 | 194.257 | 0
CPAMBB | Range_Small | 27 | 17 | 135957155180 | 0.00363 | 194.257 | 0
CPAMBB | Range_Small | 28 | 19 | 76366734289 | 0.00363 | 194.257 | 0
CPAMBB | Range_Small | 29 | 6 | 39220518399 | 0.00363 | 194.257 | 0
CPAMBB | Range_Small | 30 | 24 | 119721156575 | 0.00363 | 194.257 | 0
CPAMBB | Range_Small | 31 | 9 | 38807608900 | 0.00363 | 194.257 | 0
CPAMBB | Range_Small | 32 | 43 | 326466680123 | 0.00363 | 194.257 | 0
CPAMBB | Range_Small | 33 | 43 | 197983429584 | 0.00363 | 194.257 | 0
CPAMBB | Range_Small | 34 | 28 | 129246907479 | 0.00363 | 194.257 | 0
CPAMBB | Range_Small | 35 | 26 | 119038116735 | 0.00363 | 194.257 | 0
CPAMBB | Range_Small | 36 | 24 | 124910518802 | 0.00363 | 194.257 | 0
CPAMBB | Range_Small | 37 | 7 | 27834564444 | 0.00363 | 194.257 | 0
CPAMBB | Range_Small | 38 | 21 | 83514776807 | 0.00363 | 194.257 | 0
CPAMBB | Range_Small | 39 | 23 | 144058810345 | 0.00363 | 194.257 | 0
CPAMBB | Range_Small | 40 | 7 | 46133617634 | 0.00363 | 194.257 | 0
CPAMBB | Range_Small | 41 | 23 | 166728322869 | 0.00363 | 194.257 | 0
CPAMBB | Range_Small | 42 | 20 | 144042841331 | 0.00363 | 194.257 | 0
CPAMBB | Range_Small | 43 | 26 | 109746726127 | 0.00363 | 194.257 | 0
CPAMBB | Range_Small | 44 | 11 | 58898106141 | 0.00363 | 194.257 | 0
CPAMBB | Range_Small | 45 | 411 | 3495807184394 | 0.00363 | 194.257 | 0
CPAMBB | Range_Small | 46 | 13 | 55049055046 | 0.00363 | 194.257 | 0
CPAMBB | Range_Small | 47 | 17 | 67184759025 | 0.00363 | 194.257 | 0
CPAMBB | Range_Small | 48 | 27 | 161403346733 | 0.00363 | 194.257 | 0
CPAMBB | Range_Small | 49 | 30 | 213510504440 | 0.00363 | 194.257 | 0
CPAMBB | Range_Small | 50 | 28 | 180664455452 | 0.00363 | 194.257 | 0
CPAMBB | Range_Small | 51 | 27 | 121229398343 | 0.00363 | 194.257 | 0
CPAMBB | Range_Small | 52 | 27 | 113726440350 | 0.00363 | 194.257 | 0
CPAMBB | Range_Small | 53 | 33 | 234478734443 | 0.00363 | 194.257 | 0
CPAMBB | Range_Small | 54 | 70 | 542195559033 | 0.00363 | 194.257 | 0
CPAMBB | Range_Small | 55 | 27 | 111862404242 | 0.00363 | 194.257 | 0
CPAMBB | Range_Small | 56 | 23 | 155732946979 | 0.00363 | 194.257 | 0
CPAMBB | Range_Small | 57 | 9 | 39700892006 | 0.00363 | 194.257 | 0
CPAMBB | Range_Small | 58 | 9 | 70594327845 | 0.00363 | 194.257 | 0
CPAMBB | Range_Small | 59 | 12 | 77427663192 | 0.00363 | 194.257 | 0
CPAMBB | Range_Small | 60 | 14 | 82032329885 | 0.00363 | 194.257 | 0
CPAMBB | Range_Small | 61 | 52 | 419411001783 | 0.00363 | 194.257 | 0
CPAMBB | Range_Small | 62 | 26 | 130532053044 | 0.00363 | 194.257 | 0
CPAMBB | Range_Small | 63 | 12 | 67037267883 | 0.00363 | 194.257 | 0
CPAMBB | Range_Small | 64 | 11 | 51700143084 | 0.00363 | 194.257 | 0
CPAMBB | Range_Small | 65 | 20 | 90905044948 | 0.00363 | 194.257 | 0
CPAMBB | Range_Small | 66 | 8 | 36935506388 | 0.00363 | 194.257 | 0
CPAMBB | Range_Small | 67 | 24 | 79451503086 | 0.00363 | 194.257 | 0
CPAMBB | Range_Small | 68 | 12 | 62455255635 | 0.00363 | 194.257 | 0
CPAMBB | Range_Small | 69 | 28 | 118567150726 | 0.00363 | 194.257 | 0
CPAMBB | Range_Small | 70 | 23 | 96914505325 | 0.00363 | 194.257 | 0
CPAMBB | Range_Small | 71 | 10 | 45787739933 | 0.00363 | 194.257 | 0
CPAMBB | Range_Small | 72 | 8 | 34163189116 | 0.00363 | 194.257 | 0
CPAMBB | Range_Small | 73 | 55 | 363336293652 | 0.00363 | 194.257 | 0
CPAMBB | Range_Small | 74 | 21 | 115889080538 | 0.00363 | 194.257 | 0
CPAMBB | Range_Small | 75 | 123 | 1050085318441 | 0.00363 | 194.257 | 0
CPAMBB | Range_Small | 76 | 23 | 88701705330 | 0.00363 | 194.257 | 0
CPAMBB | Range_Small | 77 | 6 | 36791632285 | 0.00363 | 194.257 | 0
CPAMBB | Range_Small | 78 | 14 | 64679200958 | 0.00363 | 194.257 | 0
CPAMBB | Range_Small | 79 | 7 | 29419315026 | 0.00363 | 194.257 | 0
CPAMBB | Range_Small | 80 | 32 | 169159433677 | 0.00363 | 194.257 | 0
CPAMBB | Range_Small | 81 | 18 | 75699387441 | 0.00363 | 194.257 | 0
CPAMBB | Range_Small | 82 | 12 | 36060674260 | 0.00363 | 194.257 | 0
CPAMBB | Range_Small | 83 | 6 | 25235680887 | 0.00363 | 194.257 | 0
CPAMBB | Range_Small | 84 | 12 | 75262948400 | 0.00363 | 194.257 | 0
CPAMBB | Range_Small | 85 | 12 | 75701376608 | 0.00363 | 194.257 | 0
CPAMBB | Range_Small | 86 | 22 | 102617147316 | 0.00363 | 194.257 | 0
CPAMBB | Range_Small | 87 | 23 | 108250693757 | 0.00363 | 194.257 | 0
CPAMBB | Range_Small | 88 | 68 | 444090789253 | 0.00363 | 194.257 | 0
CPAMBB | Range_Small | 89 | 16 | 67378291398 | 0.00363 | 194.257 | 0
CPAMBB | Range_Small | 90 | 7 | 54446188559 | 0.00363 | 194.257 | 0
CPAMBB | Range_Small | 91 | 38 | 114007248331 | 0.00363 | 194.257 | 0
CPAMBB | Range_Small | 92 | 95 | 767889693923 | 0.00363 | 194.257 | 0
CPAMBB | Range_Small | 93 | 18 | 79866573795 | 0.00363 | 194.257 | 0
CPAMBB | Range_Small | 94 | 937 | 8276095592635 | 0.00363 | 194.257 | 0
CPAMBB | Range_Small | 95 | 17 | 40305951284 | 0.00363 | 194.257 | 0
CPAMBB | Range_Small | 96 | 17 | 95793647740 | 0.00363 | 194.257 | 0
CPAMBB | Range_Small | 97 | 15 | 48307626664 | 0.00363 | 194.257 | 0
CPAMBB | Range_Small | 98 | 5 | 24701734710 | 0.00363 | 194.257 | 0
CPAMBB | Range_Small | 99 | 13 | 81801958022 | 0.00363 | 194.257 | 0
CPAMBB | Range_Med | 0 | 397 | 3367724778677 | 0.02405 | 194.257 | 0
CPAMBB | Range_Med | 1 | 541 | 2854771769145 | 0.02405 | 194.257 | 0
CPAMBB | Range_Med | 2 | 820 | 6077940871688 | 0.02405 | 194.257 | 0
CPAMBB | Range_Med | 3 | 2364 | 19762221982591 | 0.02405 | 194.257 | 0
CPAMBB | Range_Med | 4 | 926 | 3925192372842 | 0.02405 | 194.257 | 0
CPAMBB | Range_Med | 5 | 222 | 1041831354249 | 0.02405 | 194.257 | 0
CPAMBB | Range_Med | 6 | 887 | 6441878384856 | 0.02405 | 194.257 | 0
CPAMBB | Range_Med | 7 | 1530 | 9656460260525 | 0.02405 | 194.257 | 0
CPAMBB | Range_Med | 8 | 238 | 1246859465387 | 0.02405 | 194.257 | 0
CPAMBB | Range_Med | 9 | 88 | 422013228854 | 0.02405 | 194.257 | 0
CPAMBB | Range_Med | 10 | 7491 | 63929886194491 | 0.02405 | 194.257 | 0
CPAMBB | Range_Med | 11 | 158 | 1227449189732 | 0.02405 | 194.257 | 0
CPAMBB | Range_Med | 12 | 1095 | 6379307768450 | 0.02405 | 194.257 | 0
CPAMBB | Range_Med | 13 | 3844 | 29349597152523 | 0.02405 | 194.257 | 0
CPAMBB | Range_Med | 14 | 606 | 2883678383292 | 0.02405 | 194.257 | 0
CPAMBB | Range_Med | 15 | 749 | 3601264417173 | 0.02405 | 194.257 | 0
CPAMBB | Range_Med | 16 | 787 | 3705948233974 | 0.02405 | 194.257 | 0
CPAMBB | Range_Med | 17 | 179 | 774020751543 | 0.02405 | 194.257 | 0
CPAMBB | Range_Med | 18 | 2313 | 18217376071947 | 0.02405 | 194.257 | 0
CPAMBB | Range_Med | 19 | 449 | 1584669981764 | 0.02405 | 194.257 | 0
CPAMBB | Range_Med | 20 | 923 | 4653958673618 | 0.02405 | 194.257 | 0
CPAMBB | Range_Med | 21 | 728 | 3011506431471 | 0.02405 | 194.257 | 0
CPAMBB | Range_Med | 22 | 281 | 1895926014369 | 0.02405 | 194.257 | 0
CPAMBB | Range_Med | 23 | 115 | 459179240204 | 0.02405 | 194.257 | 0
CPAMBB | Range_Med | 24 | 464 | 3212158059640 | 0.02405 | 194.257 | 0
CPAMBB | Range_Med | 25 | 2387 | 17375816847629 | 0.02405 | 194.257 | 0
CPAMBB | Range_Med | 26 | 2717 | 21188354478493 | 0.02405 | 194.257 | 0
CPAMBB | Range_Med | 27 | 841 | 4296540197206 | 0.02405 | 194.257 | 0
CPAMBB | Range_Med | 28 | 34 | 119748120536 | 0.02405 | 194.257 | 0
CPAMBB | Range_Med | 29 | 1533 | 11668653827877 | 0.02405 | 194.257 | 0
CPAMBB | Range_Med | 30 | 361 | 1686144108368 | 0.02405 | 194.257 | 0
CPAMBB | Range_Med | 31 | 205 | 1122195193990 | 0.02405 | 194.257 | 0
CPAMBB | Range_Med | 32 | 122 | 489676504281 | 0.02405 | 194.257 | 0
CPAMBB | Range_Med | 33 | 293 | 1295325279910 | 0.02405 | 194.257 | 0
CPAMBB | Range_Med | 34 | 793 | 3194608426890 | 0.02405 | 194.257 | 0
CPAMBB | Range_Med | 35 | 296 | 1256914012273 | 0.02405 | 194.257 | 0
CPAMBB | Range_Med | 36 | 567 | 2961755004742 | 0.02405 | 194.257 | 0
CPAMBB | Range_Med | 37 | 786 | 4336526725893 | 0.02405 | 194.257 | 0
CPAMBB | Range_Med | 38 | 369 | 1872352986368 | 0.02405 | 194.257 | 0
CPAMBB | Range_Med | 39 | 1207 | 6589669077749 | 0.02405 | 194.257 | 0
CPAMBB | Range_Med | 40 | 2300 | 15087900733297 | 0.02405 | 194.257 | 0
CPAMBB | Range_Med | 41 | 1624 | 13824270387663 | 0.02405 | 194.257 | 0
CPAMBB | Range_Med | 42 | 863 | 5399376205607 | 0.02405 | 194.257 | 0
CPAMBB | Range_Med | 43 | 263 | 910072078040 | 0.02405 | 194.257 | 0
CPAMBB | Range_Med | 44 | 492 | 3015934058839 | 0.02405 | 194.257 | 0
CPAMBB | Range_Med | 45 | 269 | 2207044593402 | 0.02405 | 194.257 | 0
CPAMBB | Range_Med | 46 | 537 | 2127300734014 | 0.02405 | 194.257 | 0
CPAMBB | Range_Med | 47 | 423 | 1718790554315 | 0.02405 | 194.257 | 0
CPAMBB | Range_Med | 48 | 68 | 196755611074 | 0.02405 | 194.257 | 0
CPAMBB | Range_Med | 49 | 324 | 1730898580630 | 0.02405 | 194.257 | 0
CPAMBB | Range_Med | 50 | 774 | 4768929072906 | 0.02405 | 194.257 | 0
CPAMBB | Range_Med | 51 | 279 | 1661075763456 | 0.02405 | 194.257 | 0
CPAMBB | Range_Med | 52 | 240 | 1573732780539 | 0.02405 | 194.257 | 0
CPAMBB | Range_Med | 53 | 411 | 2214958865052 | 0.02405 | 194.257 | 0
CPAMBB | Range_Med | 54 | 6359 | 50137767271075 | 0.02405 | 194.257 | 0
CPAMBB | Range_Med | 55 | 268 | 1485351295244 | 0.02405 | 194.257 | 0
CPAMBB | Range_Med | 56 | 611 | 2161712953221 | 0.02405 | 194.257 | 0
CPAMBB | Range_Med | 57 | 664 | 2783637433173 | 0.02405 | 194.257 | 0
CPAMBB | Range_Med | 58 | 214 | 851062084633 | 0.02405 | 194.257 | 0
CPAMBB | Range_Med | 59 | 1957 | 15703807012605 | 0.02405 | 194.257 | 0
CPAMBB | Range_Med | 60 | 333 | 1588740503760 | 0.02405 | 194.257 | 0
CPAMBB | Range_Med | 61 | 771 | 5923256666030 | 0.02405 | 194.257 | 0
CPAMBB | Range_Med | 62 | 1560 | 11474670120997 | 0.02405 | 194.257 | 0
CPAMBB | Range_Med | 63 | 869 | 6270124714906 | 0.02405 | 194.257 | 0
CPAMBB | Range_Med | 64 | 1066 | 8818038771687 | 0.02405 | 194.257 | 0
CPAMBB | Range_Med | 65 | 739 | 3077716880520 | 0.02405 | 194.257 | 0
CPAMBB | Range_Med | 66 | 637 | 4320781850341 | 0.02405 | 194.257 | 0
CPAMBB | Range_Med | 67 | 313 | 2219642437202 | 0.02405 | 194.257 | 0
CPAMBB | Range_Med | 68 | 157 | 962529419750 | 0.02405 | 194.257 | 0
CPAMBB | Range_Med | 69 | 508 | 2187343368522 | 0.02405 | 194.257 | 0
CPAMBB | Range_Med | 70 | 1090 | 6935619330051 | 0.02405 | 194.257 | 0
CPAMBB | Range_Med | 71 | 46 | 209860916426 | 0.02405 | 194.257 | 0
CPAMBB | Range_Med | 72 | 505 | 3338451100136 | 0.02405 | 194.257 | 0
CPAMBB | Range_Med | 73 | 215 | 925655782347 | 0.02405 | 194.257 | 0
CPAMBB | Range_Med | 74 | 664 | 2634331659348 | 0.02405 | 194.257 | 0
CPAMBB | Range_Med | 75 | 278 | 2029178177958 | 0.02405 | 194.257 | 0
CPAMBB | Range_Med | 76 | 570 | 2402796432035 | 0.02405 | 194.257 | 0
CPAMBB | Range_Med | 77 | 1145 | 6312176200129 | 0.02405 | 194.257 | 0
CPAMBB | Range_Med | 78 | 14782 | 123907611568776 | 0.02405 | 194.257 | 0
CPAMBB | Range_Med | 79 | 179 | 1030698711292 | 0.02405 | 194.257 | 0
CPAMBB | Range_Med | 80 | 1107 | 8967450134504 | 0.02405 | 194.257 | 0
CPAMBB | Range_Med | 81 | 527 | 3145955782869 | 0.02405 | 194.257 | 0
CPAMBB | Range_Med | 82 | 1746 | 12206102283553 | 0.02405 | 194.257 | 0
CPAMBB | Range_Med | 83 | 6872 | 59657283274586 | 0.02405 | 194.257 | 0
CPAMBB | Range_Med | 84 | 229 | 910569695605 | 0.02405 | 194.257 | 0
CPAMBB | Range_Med | 85 | 1322 | 8705649052359 | 0.02405 | 194.257 | 0
CPAMBB | Range_Med | 86 | 703 | 5539771040017 | 0.02405 | 194.257 | 0
CPAMBB | Range_Med | 87 | 1473 | 10238441960453 | 0.02405 | 194.257 | 0
CPAMBB | Range_Med | 88 | 551 | 2719835245849 | 0.02405 | 194.257 | 0
CPAMBB | Range_Med | 89 | 632 | 4808849979914 | 0.02405 | 194.257 | 0
CPAMBB | Range_Med | 90 | 114 | 877266240925 | 0.02405 | 194.257 | 0
CPAMBB | Range_Med | 91 | 760 | 3664684732134 | 0.02405 | 194.257 | 0
CPAMBB | Range_Med | 92 | 1411 | 9759949927796 | 0.02405 | 194.257 | 0
CPAMBB | Range_Med | 93 | 1047 | 7164601459535 | 0.02405 | 194.257 | 0
CPAMBB | Range_Med | 94 | 404 | 1807740574304 | 0.02405 | 194.257 | 0
CPAMBB | Range_Med | 95 | 3179 | 26315668710794 | 0.02405 | 194.257 | 0
CPAMBB | Range_Med | 96 | 2377 | 19367027673478 | 0.02405 | 194.257 | 0
CPAMBB | Range_Med | 97 | 1605 | 12485224006028 | 0.02405 | 194.257 | 0
CPAMBB | Range_Med | 98 | 1903 | 13816041544590 | 0.02405 | 194.257 | 0
CPAMBB | Range_Med | 99 | 654 | 4476296907064 | 0.02405 | 194.257 | 0
CPAMBB | Range_Large | 0 | 2519 | 13572041273318 | 0.104777 | 194.257 | 0
CPAMBB | Range_Large | 1 | 1149 | 6742962660458 | 0.104777 | 194.257 | 0
CPAMBB | Range_Large | 2 | 1236 | 6319609355346 | 0.104777 | 194.257 | 0
CPAMBB | Range_Large | 3 | 5202 | 35735731877128 | 0.104777 | 194.257 | 0
CPAMBB | Range_Large | 4 | 4786 | 33529414620950 | 0.104777 | 194.257 | 0
CPAMBB | Range_Large | 5 | 886 | 3817913899533 | 0.104777 | 194.257 | 0
CPAMBB | Range_Large | 6 | 1120 | 5271970487422 | 0.104777 | 194.257 | 0
CPAMBB | Range_Large | 7 | 13547 | 111253059900386 | 0.104777 | 194.257 | 0
CPAMBB | Range_Large | 8 | 2711 | 19449519802491 | 0.104777 | 194.257 | 0
CPAMBB | Range_Large | 9 | 2074 | 13142201881651 | 0.104777 | 194.257 | 0
CPAMBB | Range_Large | 10 | 2182 | 11317263958964 | 0.104777 | 194.257 | 0
CPAMBB | Range_Large | 11 | 3283 | 19094492322375 | 0.104777 | 194.257 | 0
CPAMBB | Range_Large | 12 | 10893 | 85915674407462 | 0.104777 | 194.257 | 0
CPAMBB | Range_Large | 13 | 3638 | 20318586735356 | 0.104777 | 194.257 | 0
CPAMBB | Range_Large | 14 | 7403 | 54970555683323 | 0.104777 | 194.257 | 0
CPAMBB | Range_Large | 15 | 1381 | 6889454854587 | 0.104777 | 194.257 | 0
CPAMBB | Range_Large | 16 | 6301 | 47229981532495 | 0.104777 | 194.257 | 0
CPAMBB | Range_Large | 17 | 6385 | 37924190287647 | 0.104777 | 194.257 | 0
CPAMBB | Range_Large | 18 | 10851 | 80410369120761 | 0.104777 | 194.257 | 0
CPAMBB | Range_Large | 19 | 10220 | 71232862531549 | 0.104777 | 194.257 | 0
CPAMBB | Range_Large | 20 | 5375 | 37382051077951 | 0.104777 | 194.257 | 0
CPAMBB | Range_Large | 21 | 18747 | 156348785007371 | 0.104777 | 194.257 | 0
CPAMBB | Range_Large | 22 | 1291 | 7649639017844 | 0.104777 | 194.257 | 0
CPAMBB | Range_Large | 23 | 2137 | 12182206264506 | 0.104777 | 194.257 | 0
CPAMBB | Range_Large | 24 | 8010 | 61968257538911 | 0.104777 | 194.257 | 0
CPAMBB | Range_Large | 25 | 2362 | 15423230988056 | 0.104777 | 194.257 | 0
CPAMBB | Range_Large | 26 | 13833 | 83565757344073 | 0.104777 | 194.257 | 0
CPAMBB | Range_Large | 27 | 1944 | 11073113047403 | 0.104777 | 194.257 | 0
CPAMBB | Range_Large | 28 | 11417 | 78643555254988 | 0.104777 | 194.257 | 0
CPAMBB | Range_Large | 29 | 30145 | 245891083097970 | 0.104777 | 194.257 | 0
CPAMBB | Range_Large | 30 | 3068 | 13465096885027 | 0.104777 | 194.257 | 0
CPAMBB | Range_Large | 31 | 5644 | 41447202468551 | 0.104777 | 194.257 | 0
CPAMBB | Range_Large | 32 | 3363 | 22263353362614 | 0.104777 | 194.257 | 0
CPAMBB | Range_Large | 33 | 27333 | 235986988283097 | 0.104777 | 194.257 | 0
CPAMBB | Range_Large | 34 | 1433 | 6491160933774 | 0.104777 | 194.257 | 0
CPAMBB | Range_Large | 35 | 4069 | 24512490336960 | 0.104777 | 194.257 | 0
CPAMBB | Range_Large | 36 | 3133 | 19552371155257 | 0.104777 | 194.257 | 0
CPAMBB | Range_Large | 37 | 3327 | 26207557364487 | 0.104777 | 194.257 | 0
CPAMBB | Range_Large | 38 | 12876 | 102235503749394 | 0.104777 | 194.257 | 0
CPAMBB | Range_Large | 39 | 2888 | 22440471988463 | 0.104777 | 194.257 | 0
CPAMBB | Range_Large | 40 | 3727 | 18309026111031 | 0.104777 | 194.257 | 0
CPAMBB | Range_Large | 41 | 8402 | 58049401917456 | 0.104777 | 194.257 | 0
CPAMBB | Range_Large | 42 | 89975 | 785584391054642 | 0.104777 | 194.257 | 0
CPAMBB | Range_Large | 43 | 4547 | 34935933510015 | 0.104777 | 194.257 | 0
CPAMBB | Range_Large | 44 | 915 | 6121249803816 | 0.104777 | 194.257 | 0
CPAMBB | Range_Large | 45 | 3058 | 12720417874320 | 0.104777 | 194.257 | 0
CPAMBB | Range_Large | 46 | 7844 | 58302051219406 | 0.104777 | 194.257 | 0
CPAMBB | Range_Large | 47 | 16614 | 136027913891430 | 0.104777 | 194.257 | 0
CPAMBB | Range_Large | 48 | 7739 | 53114586896826 | 0.104777 | 194.257 | 0
CPAMBB | Range_Large | 49 | 5867 | 32153177400033 | 0.104777 | 194.257 | 0
CPAMBB | Range_Large | 50 | 5457 | 42246343131797 | 0.104777 | 194.257 | 0
CPAMBB | Range_Large | 51 | 2274 | 12753414016185 | 0.104777 | 194.257 | 0
CPAMBB | Range_Large | 52 | 3030 | 13363549023207 | 0.104777 | 194.257 | 0
CPAMBB | Range_Large | 53 | 1605 | 8099946699630 | 0.104777 | 194.257 | 0
CPAMBB | Range_Large | 54 | 1380 | 6094030813151 | 0.104777 | 194.257 | 0
CPAMBB | Range_Large | 55 | 2479 | 10868573051548 | 0.104777 | 194.257 | 0
CPAMBB | Range_Large | 56 | 20932 | 179506768704711 | 0.104777 | 194.257 | 0
CPAMBB | Range_Large | 57 | 2824 | 15257290595327 | 0.104777 | 194.257 | 0
CPAMBB | Range_Large | 58 | 2333 | 10583534457096 | 0.104777 | 194.257 | 0
CPAMBB | Range_Large | 59 | 3402 | 21296265927696 | 0.104777 | 194.257 | 0
CPAMBB | Range_Large | 60 | 7712 | 60345038951113 | 0.104777 | 194.257 | 0
CPAMBB | Range_Large | 61 | 3938 | 19449293181188 | 0.104777 | 194.257 | 0
CPAMBB | Range_Large | 62 | 1658 | 8746484602438 | 0.104777 | 194.257 | 0
CPAMBB | Range_Large | 63 | 15857 | 124743109253018 | 0.104777 | 194.257 | 0
CPAMBB | Range_Large | 64 | 8738 | 58047126456567 | 0.104777 | 194.257 | 0
CPAMBB | Range_Large | 65 | 2749 | 12488293933831 | 0.104777 | 194.257 | 0
CPAMBB | Range_Large | 66 | 6852 | 38790564762027 | 0.104777 | 194.257 | 0
CPAMBB | Range_Large | 67 | 23182 | 190428688265731 | 0.104777 | 194.257 | 0
CPAMBB | Range_Large | 68 | 10010 | 76892383950419 | 0.104777 | 194.257 | 0
CPAMBB | Range_Large | 69 | 5300 | 39431270734583 | 0.104777 | 194.257 | 0
CPAMBB | Range_Large | 70 | 3067 | 13141181566106 | 0.104777 | 194.257 | 0
CPAMBB | Range_Large | 71 | 4753 | 27101566167368 | 0.104777 | 194.257 | 0
CPAMBB | Range_Large | 72 | 16460 | 138636946652770 | 0.104777 | 194.257 | 0
CPAMBB | Range_Large | 73 | 3195 | 10647097072902 | 0.104777 | 194.257 | 0
CPAMBB | Range_Large | 74 | 2397 | 10072407186958 | 0.104777 | 194.257 | 0
CPAMBB | Range_Large | 75 | 8394 | 62886296805375 | 0.104777 | 194.257 | 0
CPAMBB | Range_Large | 76 | 6430 | 43579762952313 | 0.104777 | 194.257 | 0
CPAMBB | Range_Large | 77 | 12737 | 101711875219928 | 0.104777 | 194.257 | 0
CPAMBB | Range_Large | 78 | 2625 | 11048224032943 | 0.104777 | 194.257 | 0
CPAMBB | Range_Large | 79 | 5921 | 35682503415840 | 0.104777 | 194.257 | 0
CPAMBB | Range_Large | 80 | 17602 | 138842871707215 | 0.104777 | 194.257 | 0
CPAMBB | Range_Large | 81 | 10783 | 83491052455800 | 0.104777 | 194.257 | 0
CPAMBB | Range_Large | 82 | 8767 | 55760279425468 | 0.104777 | 194.257 | 0
CPAMBB | Range_Large | 83 | 1386 | 8450419724834 | 0.104777 | 194.257 | 0
CPAMBB | Range_Large | 84 | 4380 | 31932753789424 | 0.104777 | 194.257 | 0
CPAMBB | Range_Large | 85 | 927 | 4041424245303 | 0.104777 | 194.257 | 0
CPAMBB | Range_Large | 86 | 3014 | 15973339595216 | 0.104777 | 194.257 | 0
CPAMBB | Range_Large | 87 | 2222 | 17055860048317 | 0.104777 | 194.257 | 0
CPAMBB | Range_Large | 88 | 7482 | 65313958864046 | 0.104777 | 194.257 | 0
CPAMBB | Range_Large | 89 | 6131 | 44144391032287 | 0.104777 | 194.257 | 0
CPAMBB | Range_Large | 90 | 2538 | 18345204985505 | 0.104777 | 194.257 | 0
CPAMBB | Range_Large | 91 | 1286 | 5636391297946 | 0.104777 | 194.257 | 0
CPAMBB | Range_Large | 92 | 2958 | 12755574411743 | 0.104777 | 194.257 | 0
CPAMBB | Range_Large | 93 | 3066 | 20206027984132 | 0.104777 | 194.257 | 0
CPAMBB | Range_Large | 94 | 1621 | 9062251023491 | 0.104777 | 194.257 | 0
CPAMBB | Range_Large | 95 | 12800 | 102449935119101 | 0.104777 | 194.257 | 0
CPAMBB | Range_Large | 96 | 12153 | 93500555646705 | 0.104777 | 194.257 | 0
CPAMBB | Range_Large | 97 | 1374 | 8204198480176 | 0.104777 | 194.257 | 0
CPAMBB | Range_Large | 98 | 3298 | 20120479757663 | 0.104777 | 194.257 | 0
CPAMBB | Range_Large | 99 | 2027 | 14366078139559 | 0.104777 | 194.257 | 0
CPAMBB | KNN_1 | 0 | 1 | 4989632585 | 0.00575333 | 194.257 | 0
CPAMBB | KNN_1 | 1 | 1 | 3733699286 | 0.00575333 | 194.257 | 0
CPAMBB | KNN_1 | 2 | 1 | 6615129849 | 0.00575333 | 194.257 | 0
CPAMBB | KNN_1 | 3 | 1 | 6522281275 | 0.00575333 | 194.257 | 0
CPAMBB | KNN_1 | 4 | 1 | 7509972176 | 0.00575333 | 194.257 | 0
CPAMBB | KNN_1 | 5 | 1 | 4702305062 | 0.00575333 | 194.257 | 0
CPAMBB | KNN_1 | 6 | 1 | 3003588765 | 0.00575333 | 194.257 | 0
CPAMBB | KNN_1 | 7 | 1 | 4166328454 | 0.00575333 | 194.257 | 0
CPAMBB | KNN_1 | 8 | 1 | 5907848165 | 0.00575333 | 194.257 | 0
CPAMBB | KNN_1 | 9 | 1 | 8258390045 | 0.00575333 | 194.257 | 0
CPAMBB | KNN_1 | 10 | 1 | 5030855992 | 0.00575333 | 194.257 | 0
CPAMBB | KNN_1 | 11 | 1 | 7985390351 | 0.00575333 | 194.257 | 0
CPAMBB | KNN_1 | 12 | 1 | 1478619624 | 0.00575333 | 194.257 | 0
CPAMBB | KNN_1 | 13 | 1 | 5205359210 | 0.00575333 | 194.257 | 0
CPAMBB | KNN_1 | 14 | 1 | 4209802226 | 0.00575333 | 194.257 | 0
CPAMBB | KNN_1 | 15 | 1 | 8254737267 | 0.00575333 | 194.257 | 0
CPAMBB | KNN_1 | 16 | 1 | 4700137712 | 0.00575333 | 194.257 | 0
CPAMBB | KNN_1 | 17 | 1 | 4201791553 | 0.00575333 | 194.257 | 0
CPAMBB | KNN_1 | 18 | 1 | 3423710166 | 0.00575333 | 194.257 | 0
CPAMBB | KNN_1 | 19 | 1 | 8091216821 | 0.00575333 | 194.257 | 0
CPAMBB | KNN_1 | 20 | 1 | 7038519329 | 0.00575333 | 194.257 | 0
CPAMBB | KNN_1 | 21 | 1 | 3976304237 | 0.00575333 | 194.257 | 0
CPAMBB | KNN_1 | 22 | 1 | 3974981551 | 0.00575333 | 194.257 | 0
CPAMBB | KNN_1 | 23 | 1 | 4309206066 | 0.00575333 | 194.257 | 0
CPAMBB | KNN_1 | 24 | 1 | 4144863918 | 0.00575333 | 194.257 | 0
CPAMBB | KNN_1 | 25 | 1 | 5170553400 | 0.00575333 | 194.257 | 0
CPAMBB | KNN_1 | 26 | 1 | 4659933369 | 0.00575333 | 194.257 | 0
CPAMBB | KNN_1 | 27 | 1 | 6615129733 | 0.00575333 | 194.257 | 0
CPAMBB | KNN_1 | 28 | 1 | 5871861358 | 0.00575333 | 194.257 | 0
CPAMBB | KNN_1 | 29 | 1 | 4380557441 | 0.00575333 | 194.257 | 0
CPAMBB | KNN_1 | 30 | 1 | 3511089568 | 0.00575333 | 194.257 | 0
CPAMBB | KNN_1 | 31 | 1 | 4229643814 | 0.00575333 | 194.257 | 0
CPAMBB | KNN_1 | 32 | 1 | 4664385448 | 0.00575333 | 194.257 | 0
CPAMBB | KNN_1 | 33 | 1 | 7410377190 | 0.00575333 | 194.257 | 0
CPAMBB | KNN_1 | 34 | 1 | 3461779523 | 0.00575333 | 194.257 | 0
CPAMBB | KNN_1 | 35 | 1 | 4237351124 | 0.00575333 | 194.257 | 0
CPAMBB | KNN_1 | 36 | 1 | 4575729176 | 0.00575333 | 194.257 | 0
CPAMBB | KNN_1 | 37 | 1 | 3976870259 | 0.00575333 | 194.257 | 0
CPAMBB | KNN_1 | 38 | 1 | 5885365431 | 0.00575333 | 194.257 | 0
CPAMBB | KNN_1 | 39 | 1 | 3756162965 | 0.00575333 | 194.257 | 0
CPAMBB | KNN_1 | 40 | 1 | 3413557448 | 0.00575333 | 194.257 | 0
CPAMBB | KNN_1 | 41 | 1 | 4274370600 | 0.00575333 | 194.257 | 0
CPAMBB | KNN_1 | 42 | 1 | 3623077884 | 0.00575333 | 194.257 | 0
CPAMBB | KNN_1 | 43 | 1 | 3452312174 | 0.00575333 | 194.257 | 0
CPAMBB | KNN_1 | 44 | 1 | 3202274963 | 0.00575333 | 194.257 | 0
CPAMBB | KNN_1 | 45 | 1 | 4262403595 | 0.00575333 | 194.257 | 0
CPAMBB | KNN_1 | 46 | 1 | 1467076101 | 0.00575333 | 194.257 | 0
CPAMBB | KNN_1 | 47 | 1 | 4691942929 | 0.00575333 | 194.257 | 0
CPAMBB | KNN_1 | 48 | 1 | 5205359395 | 0.00575333 | 194.257 | 0
CPAMBB | KNN_1 | 49 | 1 | 3460383505 | 0.00575333 | 194.257 | 0
CPAMBB | KNN_1 | 50 | 1 | 4664548143 | 0.00575333 | 194.257 | 0
CPAMBB | KNN_1 | 51 | 1 | 4327065566 | 0.00575333 | 194.257 | 0
CPAMBB | KNN_1 | 52 | 1 | 4002285843 | 0.00575333 | 194.257 | 0
CPAMBB | KNN_1 | 53 | 1 | 6036602249 | 0.00575333 | 194.257 | 0
CPAMBB | KNN_1 | 54 | 1 | 7043282706 | 0.00575333 | 194.257 | 0
CPAMBB | KNN_1 | 55 | 1 | 4664416287 | 0.00575333 | 194.257 | 0
CPAMBB | KNN_1 | 56 | 1 | 4205379348 | 0.00575333 | 194.257 | 0
CPAMBB | KNN_1 | 57 | 1 | 4210577633 | 0.00575333 | 194.257 | 0
CPAMBB | KNN_1 | 58 | 1 | 4182128520 | 0.00575333 | 194.257 | 0
CPAMBB | KNN_1 | 59 | 1 | 3418427885 | 0.00575333 | 194.257 | 0
CPAMBB | KNN_1 | 60 | 1 | 6929837946 | 0.00575333 | 194.257 | 0
CPAMBB | KNN_1 | 61 | 1 | 4212090991 | 0.00575333 | 194.257 | 0
CPAMBB | KNN_1 | 62 | 1 | 4231466210 | 0.00575333 | 194.257 | 0
CPAMBB | KNN_1 | 63 | 1 | 4205945042 | 0.00575333 | 194.257 | 0
CPAMBB | KNN_1 | 64 | 1 | 4109635138 | 0.00575333 | 194.257 | 0
CPAMBB | KNN_1 | 65 | 1 | 4638575353 | 0.00575333 | 194.257 | 0
CPAMBB | KNN_1 | 66 | 1 | 5955383085 | 0.00575333 | 194.257 | 0
CPAMBB | KNN_1 | 67 | 1 | 5818840157 | 0.00575333 | 194.257 | 0
CPAMBB | KNN_1 | 68 | 1 | 5397508104 | 0.00575333 | 194.257 | 0
CPAMBB | KNN_1 | 69 | 1 | 4310066379 | 0.00575333 | 194.257 | 0
CPAMBB | KNN_1 | 70 | 1 | 7497486204 | 0.00575333 | 194.257 | 0
CPAMBB | KNN_1 | 71 | 1 | 6036673251 | 0.00575333 | 194.257 | 0
CPAMBB | KNN_1 | 72 | 1 | 6630558826 | 0.00575333 | 194.257 | 0
CPAMBB | KNN_1 | 73 | 1 | 8258066835 | 0.00575333 | 194.257 | 0
CPAMBB | KNN_1 | 74 | 1 | 6350884030 | 0.00575333 | 194.257 | 0
CPAMBB | KNN_1 | 75 | 1 | 6546263457 | 0.00575333 | 194.257 | 0
CPAMBB | KNN_1 | 76 | 1 | 4248327174 | 0.00575333 | 194.257 | 0
CPAMBB | KNN_1 | 77 | 1 | 5761202637 | 0.00575333 | 194.257 | 0
CPAMBB | KNN_1 | 78 | 1 | 4327488884 | 0.00575333 | 194.257 | 0
CPAMBB | KNN_1 | 79 | 1 | 8045094859 | 0.00575333 | 194.257 | 0
CPAMBB | KNN_1 | 80 | 1 | 6616945895 | 0.00575333 | 194.257 | 0
CPAMBB | KNN_1 | 81 | 1 | 7505378862 | 0.00575333 | 194.257 | 0
CPAMBB | KNN_1 | 82 | 1 | 4318414061 | 0.00575333 | 194.257 | 0
CPAMBB | KNN_1 | 83 | 1 | 3460294887 | 0.00575333 | 194.257 | 0
CPAMBB | KNN_1 | 84 | 1 | 4899296993 | 0.00575333 | 194.257 | 0
CPAMBB | KNN_1 | 85 | 1 | 4003320557 | 0.00575333 | 194.257 | 0
CPAMBB | KNN_1 | 86 | 1 | 4726876528 | 0.00575333 | 194.257 | 0
CPAMBB | KNN_1 | 87 | 1 | 1434051823 | 0.00575333 | 194.257 | 0
CPAMBB | KNN_1 | 88 | 1 | 4918098721 | 0.00575333 | 194.257 | 0
CPAMBB | KNN_1 | 89 | 1 | 6514266252 | 0.00575333 | 194.257 | 0
CPAMBB | KNN_1 | 90 | 1 | 1466917447 | 0.00575333 | 194.257 | 0
CPAMBB | KNN_1 | 91 | 1 | 4237350385 | 0.00575333 | 194.257 | 0
CPAMBB | KNN_1 | 92 | 1 | 3422338969 | 0.00575333 | 194.257 | 0
CPAMBB | KNN_1 | 93 | 1 | 4106076199 | 0.00575333 | 194.257 | 0
CPAMBB | KNN_1 | 94 | 1 | 5952303593 | 0.00575333 | 194.257 | 0
CPAMBB | KNN_1 | 95 | 1 | 4310076478 | 0.00575333 | 194.257 | 0
CPAMBB | KNN_1 | 96 | 1 | 6666729319 | 0.00575333 | 194.257 | 0
CPAMBB | KNN_1 | 97 | 1 | 4664549011 | 0.00575333 | 194.257 | 0
CPAMBB | KNN_1 | 98 | 1 | 3700256052 | 0.00575333 | 194.257 | 0
CPAMBB | KNN_1 | 99 | 1 | 4316916195 | 0.00575333 | 194.257 | 0
CPAMBB | KNN_10 | 0 | 10 | 22229192976 | 0.0307967 | 194.257 | 0
CPAMBB | KNN_10 | 1 | 10 | 14587372894 | 0.0307967 | 194.257 | 0
CPAMBB | KNN_10 | 2 | 10 | 34610586267 | 0.0307967 | 194.257 | 0
CPAMBB | KNN_10 | 3 | 10 | 59628703848 | 0.0307967 | 194.257 | 0
CPAMBB | KNN_10 | 4 | 10 | 16740188839 | 0.0307967 | 194.257 | 0
CPAMBB | KNN_10 | 5 | 10 | 59709595541 | 0.0307967 | 194.257 | 0
CPAMBB | KNN_10 | 6 | 10 | 46063415960 | 0.0307967 | 194.257 | 0
CPAMBB | KNN_10 | 7 | 10 | 41921435304 | 0.0307967 | 194.257 | 0
CPAMBB | KNN_10 | 8 | 10 | 46749851641 | 0.0307967 | 194.257 | 0
CPAMBB | KNN_10 | 9 | 10 | 78579067930 | 0.0307967 | 194.257 | 0
CPAMBB | KNN_10 | 10 | 10 | 40955611123 | 0.0307967 | 194.257 | 0
CPAMBB | KNN_10 | 11 | 10 | 42403793395 | 0.0307967 | 194.257 | 0
CPAMBB | KNN_10 | 12 | 10 | 67498715883 | 0.0307967 | 194.257 | 0
CPAMBB | KNN_10 | 13 | 10 | 58795229964 | 0.0307967 | 194.257 | 0
CPAMBB | KNN_10 | 14 | 10 | 63079244142 | 0.0307967 | 194.257 | 0
CPAMBB | KNN_10 | 15 | 10 | 43770044945 | 0.0307967 | 194.257 | 0
CPAMBB | KNN_10 | 16 | 10 | 44199521241 | 0.0307967 | 194.257 | 0
CPAMBB | KNN_10 | 17 | 10 | 82731096591 | 0.0307967 | 194.257 | 0
CPAMBB | KNN_10 | 18 | 10 | 42124191020 | 0.0307967 | 194.257 | 0
CPAMBB | KNN_10 | 19 | 10 | 46061164686 | 0.0307967 | 194.257 | 0
CPAMBB | KNN_10 | 20 | 10 | 75483048938 | 0.0307967 | 194.257 | 0
CPAMBB | KNN_10 | 21 | 10 | 42148951560 | 0.0307967 | 194.257 | 0
CPAMBB | KNN_10 | 22 | 10 | 80978364206 | 0.0307967 | 194.257 | 0
CPAMBB | KNN_10 | 23 | 10 | 53670870815 | 0.0307967 | 194.257 | 0
CPAMBB | KNN_10 | 24 | 10 | 57542742935 | 0.0307967 | 194.257 | 0
CPAMBB | KNN_10 | 25 | 10 | 50009093725 | 0.0307967 | 194.257 | 0
CPAMBB | KNN_10 | 26 | 10 | 56613048760 | 0.0307967 | 194.257 | 0
CPAMBB | KNN_10 | 27 | 10 | 43360958301 | 0.0307967 | 194.257 | 0
CPAMBB | KNN_10 | 28 | 10 | 42968480559 | 0.0307967 | 194.257 | 0
CPAMBB | KNN_10 | 29 | 10 | 42096932338 | 0.0307967 | 194.257 | 0
CPAMBB | KNN_10 | 30 | 10 | 75053838598 | 0.0307967 | 194.257 | 0
CPAMBB | KNN_10 | 31 | 10 | 62828962490 | 0.0307967 | 194.257 | 0
CPAMBB | KNN_10 | 32 | 10 | 42098073871 | 0.0307967 | 194.257 | 0
CPAMBB | KNN_10 | 33 | 10 | 80373505765 | 0.0307967 | 194.257 | 0
CPAMBB | KNN_10 | 34 | 10 | 60765661874 | 0.0307967 | 194.257 | 0
CPAMBB | KNN_10 | 35 | 10 | 42098089929 | 0.0307967 | 194.257 | 0
CPAMBB | KNN_10 | 36 | 10 | 63687067700 | 0.0307967 | 194.257 | 0
CPAMBB | KNN_10 | 37 | 10 | 41061756745 | 0.0307967 | 194.257 | 0
CPAMBB | KNN_10 | 38 | 10 | 76034394549 | 0.0307967 | 194.257 | 0
CPAMBB | KNN_10 | 39 | 10 | 41448637206 | 0.0307967 | 194.257 | 0
CPAMBB | KNN_10 | 40 | 10 | 39764712056 | 0.0307967 | 194.257 | 0
CPAMBB | KNN_10 | 41 | 10 | 85007395015 | 0.0307967 | 194.257 | 0
CPAMBB | KNN_10 | 42 | 10 | 52925447622 | 0.0307967 | 194.257 | 0
CPAMBB | KNN_10 | 43 | 10 | 79974789037 | 0.0307967 | 194.257 | 0
CPAMBB | KNN_10 | 44 | 10 | 48692490337 | 0.0307967 | 194.257 | 0
CPAMBB | KNN_10 | 45 | 10 | 25869747443 | 0.0307967 | 194.257 | 0
CPAMBB | KNN_10 | 46 | 10 | 42098038008 | 0.0307967 | 194.257 | 0
CPAMBB | KNN_10 | 47 | 10 | 45779234046 | 0.0307967 | 194.257 | 0
CPAMBB | KNN_10 | 48 | 10 | 41823653389 | 0.0307967 | 194.257 | 0
CPAMBB | KNN_10 | 49 | 10 | 59025149567 | 0.0307967 | 194.257 | 0
CPAMBB | KNN_10 | 50 | 10 | 42497995165 | 0.0307967 | 194.257 | 0
CPAMBB | KNN_10 | 51 | 10 | 59626444343 | 0.0307967 | 194.257 | 0
CPAMBB | KNN_10 | 52 | 10 | 34146972969 | 0.0307967 | 194.257 | 0
CPAMBB | KNN_10 | 53 | 10 | 30045993919 | 0.0307967 | 194.257 | 0
CPAMBB | KNN_10 | 54 | 10 | 52402571343 | 0.0307967 | 194.257 | 0
CPAMBB | KNN_10 | 55 | 10 | 59515983535 | 0.0307967 | 194.257 | 0
CPAMBB | KNN_10 | 56 | 10 | 55218514149 | 0.0307967 | 194.257 | 0
CPAMBB | KNN_10 | 57 | 10 | 65122627331 | 0.0307967 | 194.257 | 0
CPAMBB | KNN_10 | 58 | 10 | 35226784775 | 0.0307967 | 194.257 | 0
CPAMBB | KNN_10 | 59 | 10 | 62441078588 | 0.0307967 | 194.257 | 0
CPAMBB | KNN_10 | 60 | 10 | 31998724665 | 0.0307967 | 194.257 | 0
CPAMBB | KNN_10 | 61 | 10 | 35355313334 | 0.0307967 | 194.257 | 0
CPAMBB | KNN_10 | 62 | 10 | 59650550007 | 0.0307967 | 194.257 | 0
CPAMBB | KNN_10 | 63 | 10 | 46478764862 | 0.0307967 | 194.257 | 0
CPAMBB | KNN_10 | 64 | 10 | 80053652501 | 0.0307967 | 194.257 | 0
CPAMBB | KNN_10 | 65 | 10 | 56145328179 | 0.0307967 | 194.257 | 0
CPAMBB | KNN_10 | 66 | 10 | 80537300395 | 0.0307967 | 194.257 | 0
CPAMBB | KNN_10 | 67 | 10 | 57542168986 | 0.0307967 | 194.257 | 0
CPAMBB | KNN_10 | 68 | 10 | 65577484105 | 0.0307967 | 194.257 | 0
CPAMBB | KNN_10 | 69 | 10 | 41786590237 | 0.0307967 | 194.257 | 0
CPAMBB | KNN_10 | 70 | 10 | 31533163345 | 0.0307967 | 194.257 | 0
CPAMBB | KNN_10 | 71 | 10 | 34602948802 | 0.0307967 | 194.257 | 0
CPAMBB | KNN_10 | 72 | 10 | 44152638982 | 0.0307967 | 194.257 | 0
CPAMBB | KNN_10 | 73 | 10 | 48433106025 | 0.0307967 | 194.257 | 0
CPAMBB | KNN_10 | 74 | 10 | 57512492786 | 0.0307967 | 194.257 | 0
CPAMBB | KNN_10 | 75 | 10 | 62228433416 | 0.0307967 | 194.257 | 0
CPAMBB | KNN_10 | 76 | 10 | 84876745829 | 0.0307967 | 194.257 | 0
CPAMBB | KNN_10 | 77 | 10 | 42105755353 | 0.0307967 | 194.257 | 0
CPAMBB | KNN_10 | 78 | 10 | 42232307784 | 0.0307967 | 194.257 | 0
CPAMBB | KNN_10 | 79 | 10 | 48473913611 | 0.0307967 | 194.257 | 0
CPAMBB | KNN_10 | 80 | 10 | 37238361777 | 0.0307967 | 194.257 | 0
CPAMBB | KNN_10 | 81 | 10 | 41839989190 | 0.0307967 | 194.257 | 0
CPAMBB | KNN_10 | 82 | 10 | 46386552338 | 0.0307967 | 194.257 | 0
CPAMBB | KNN_10 | 83 | 10 | 39763151245 | 0.0307967 | 194.257 | 0
CPAMBB | KNN_10 | 84 | 10 | 41448638410 | 0.0307967 | 194.257 | 0
CPAMBB | KNN_10 | 85 | 10 | 82414786805 | 0.0307967 | 194.257 | 0
CPAMBB | KNN_10 | 86 | 10 | 63549016010 | 0.0307967 | 194.257 | 0
CPAMBB | KNN_10 | 87 | 10 | 63045377445 | 0.0307967 | 194.257 | 0
CPAMBB | KNN_10 | 88 | 10 | 61717476527 | 0.0307967 | 194.257 | 0
CPAMBB | KNN_10 | 89 | 10 | 28962163917 | 0.0307967 | 194.257 | 0
CPAMBB | KNN_10 | 90 | 10 | 58596048659 | 0.0307967 | 194.257 | 0
CPAMBB | KNN_10 | 91 | 10 | 68644051499 | 0.0307967 | 194.257 | 0
CPAMBB | KNN_10 | 92 | 10 | 70136900054 | 0.0307967 | 194.257 | 0
CPAMBB | KNN_10 | 93 | 10 | 51457547269 | 0.0307967 | 194.257 | 0
CPAMBB | KNN_10 | 94 | 10 | 37317888405 | 0.0307967 | 194.257 | 0
CPAMBB | KNN_10 | 95 | 10 | 66380657505 | 0.0307967 | 194.257 | 0
CPAMBB | KNN_10 | 96 | 10 | 37337015531 | 0.0307967 | 194.257 | 0
CPAMBB | KNN_10 | 97 | 10 | 75020205440 | 0.0307967 | 194.257 | 0
CPAMBB | KNN_10 | 98 | 10 | 46060113684 | 0.0307967 | 194.257 | 0
CPAMBB | KNN_10 | 99 | 10 | 87320364940 | 0.0307967 | 194.257 | 0
CPAMBB | KNN_100 | 0 | 100 | 342029068302 | 0.146797 | 194.257 | 0
CPAMBB | KNN_100 | 1 | 100 | 505927706098 | 0.146797 | 194.257 | 0
CPAMBB | KNN_100 | 2 | 100 | 356315399658 | 0.146797 | 194.257 | 0
CPAMBB | KNN_100 | 3 | 100 | 400696897017 | 0.146797 | 194.257 | 0
CPAMBB | KNN_100 | 4 | 100 | 419940978831 | 0.146797 | 194.257 | 0
CPAMBB | KNN_100 | 5 | 100 | 693825283421 | 0.146797 | 194.257 | 0
CPAMBB | KNN_100 | 6 | 100 | 368950075651 | 0.146797 | 194.257 | 0
CPAMBB | KNN_100 | 7 | 100 | 609937261072 | 0.146797 | 194.257 | 0
CPAMBB | KNN_100 | 8 | 100 | 650156982713 | 0.146797 | 194.257 | 0
CPAMBB | KNN_100 | 9 | 100 | 623407651122 | 0.146797 | 194.257 | 0
CPAMBB | KNN_100 | 10 | 100 | 457486001520 | 0.146797 | 194.257 | 0
CPAMBB | KNN_100 | 11 | 100 | 459660541542 | 0.146797 | 194.257 | 0
CPAMBB | KNN_100 | 12 | 100 | 561856258330 | 0.146797 | 194.257 | 0
CPAMBB | KNN_100 | 13 | 100 | 784207016540 | 0.146797 | 194.257 | 0
CPAMBB | KNN_100 | 14 | 100 | 502412106093 | 0.146797 | 194.257 | 0
CPAMBB | KNN_100 | 15 | 100 | 604014515203 | 0.146797 | 194.257 | 0
CPAMBB | KNN_100 | 16 | 100 | 654557564020 | 0.146797 | 194.257 | 0
CPAMBB | KNN_100 | 17 | 100 | 481408408845 | 0.146797 | 194.257 | 0
CPAMBB | KNN_100 | 18 | 100 | 744939159073 | 0.146797 | 194.257 | 0
CPAMBB | KNN_100 | 19 | 100 | 411658066695 | 0.146797 | 194.257 | 0
CPAMBB | KNN_100 | 20 | 100 | 543947622910 | 0.146797 | 194.257 | 0
CPAMBB | KNN_100 | 21 | 100 | 575831501240 | 0.146797 | 194.257 | 0
CPAMBB | KNN_100 | 22 | 100 | 397630051692 | 0.146797 | 194.257 | 0
CPAMBB | KNN_100 | 23 | 100 | 433861967882 | 0.146797 | 194.257 | 0
CPAMBB | KNN_100 | 24 | 100 | 544756160397 | 0.146797 | 194.257 | 0
CPAMBB | KNN_100 | 25 | 100 | 406497882895 | 0.146797 | 194.257 | 0
CPAMBB | KNN_100 | 26 | 100 | 414483510542 | 0.146797 | 194.257 | 0
CPAMBB | KNN_100 | 27 | 100 | 410524108325 | 0.146797 | 194.257 | 0
CPAMBB | KNN_100 | 28 | 100 | 547149018087 | 0.146797 | 194.257 | 0
CPAMBB | KNN_100 | 29 | 100 | 594692902595 | 0.146797 | 194.257 | 0
CPAMBB | KNN_100 | 30 | 100 | 544691203852 | 0.146797 | 194.257 | 0
CPAMBB | KNN_100 | 31 | 100 | 463003466337 | 0.146797 | 194.257 | 0
CPAMBB | KNN_100 | 32 | 100 | 400142073779 | 0.146797 | 194.257 | 0
CPAMBB | KNN_100 | 33 | 100 | 430342787246 | 0.146797 | 194.257 | 0
CPAMBB | KNN_100 | 34 | 100 | 888675989477 | 0.146797 | 194.257 | 0
CPAMBB | KNN_100 | 35 | 100 | 576248020348 | 0.146797 | 194.257 | 0
CPAMBB | KNN_100 | 36 | 100 | 501153789150 | 0.146797 | 194.257 | 0
CPAMBB | KNN_100 | 37 | 100 | 456210713714 | 0.146797 | 194.257 | 0
CPAMBB | KNN_100 | 38 | 100 | 739509730511 | 0.146797 | 194.257 | 0
CPAMBB | KNN_100 | 39 | 100 | 569426130186 | 0.146797 | 194.257 | 0
CPAMBB | KNN_100 | 40 | 100 | 485054634283 | 0.146797 | 194.257 | 0
CPAMBB | KNN_100 | 41 | 100 | 547401895245 | 0.146797 | 194.257 | 0
CPAMBB | KNN_100 | 42 | 100 | 688447011750 | 0.146797 | 194.257 | 0
CPAMBB | KNN_100 | 43 | 100 | 711706338936 | 0.146797 | 194.257 | 0
CPAMBB | KNN_100 | 44 | 100 | 827458005010 | 0.146797 | 194.257 | 0
CPAMBB | KNN_100 | 45 | 100 | 767544870734 | 0.146797 | 194.257 | 0
CPAMBB | KNN_100 | 46 | 100 | 677162019590 | 0.146797 | 194.257 | 0
CPAMBB | KNN_100 | 47 | 100 | 802245453883 | 0.146797 | 194.257 | 0
CPAMBB | KNN_100 | 48 | 100 | 464780753106 | 0.146797 | 194.257 | 0
CPAMBB | KNN_100 | 49 | 100 | 666299968870 | 0.146797 | 194.257 | 0
CPAMBB | KNN_100 | 50 | 100 | 600922710198 | 0.146797 | 194.257 | 0
CPAMBB | KNN_100 | 51 | 100 | 484525560488 | 0.146797 | 194.257 | 0
CPAMBB | KNN_100 | 52 | 100 | 403134387815 | 0.146797 | 194.257 | 0
CPAMBB | KNN_100 | 53 | 100 | 581748926633 | 0.146797 | 194.257 | 0
CPAMBB | KNN_100 | 54 | 100 | 851819006770 | 0.146797 | 194.257 | 0
CPAMBB | KNN_100 | 55 | 100 | 569921224136 | 0.146797 | 194.257 | 0
CPAMBB | KNN_100 | 56 | 100 | 541786524597 | 0.146797 | 194.257 | 0
CPAMBB | KNN_100 | 57 | 100 | 414483588992 | 0.146797 | 194.257 | 0
CPAMBB | KNN_100 | 58 | 100 | 412428407467 | 0.146797 | 194.257 | 0
CPAMBB | KNN_100 | 59 | 100 | 632822369051 | 0.146797 | 194.257 | 0
CPAMBB | KNN_100 | 60 | 100 | 861132109482 | 0.146797 | 194.257 | 0
CPAMBB | KNN_100 | 61 | 100 | 430930675513 | 0.146797 | 194.257 | 0
CPAMBB | KNN_100 | 62 | 100 | 375643208723 | 0.146797 | 194.257 | 0
CPAMBB | KNN_100 | 63 | 100 | 531442027014 | 0.146797 | 194.257 | 0
CPAMBB | KNN_100 | 64 | 100 | 530953543296 | 0.146797 | 194.257 | 0
CPAMBB | KNN_100 | 65 | 100 | 375736091023 | 0.146797 | 194.257 | 0
CPAMBB | KNN_100 | 66 | 100 | 402853385180 | 0.146797 | 194.257 | 0
CPAMBB | KNN_100 | 67 | 100 | 442033222129 | 0.146797 | 194.257 | 0
CPAMBB | KNN_100 | 68 | 100 | 494381619128 | 0.146797 | 194.257 | 0
CPAMBB | KNN_100 | 69 | 100 | 493751550565 | 0.146797 | 194.257 | 0
CPAMBB | KNN_100 | 70 | 100 | 397516955618 | 0.146797 | 194.257 | 0
CPAMBB | KNN_100 | 71 | 100 | 547039032491 | 0.146797 | 194.257 | 0
CPAMBB | KNN_100 | 72 | 100 | 490301466566 | 0.146797 | 194.257 | 0
CPAMBB | KNN_100 | 73 | 100 | 811073645575 | 0.146797 | 194.257 | 0
CPAMBB | KNN_100 | 74 | 100 | 749789612659 | 0.146797 | 194.257 | 0
CPAMBB | KNN_100 | 75 | 100 | 472510067209 | 0.146797 | 194.257 | 0
CPAMBB | KNN_100 | 76 | 100 | 452654206585 | 0.146797 | 194.257 | 0
CPAMBB | KNN_100 | 77 | 100 | 364949372068 | 0.146797 | 194.257 | 0
CPAMBB | KNN_100 | 78 | 100 | 292029532786 | 0.146797 | 194.257 | 0
CPAMBB | KNN_100 | 79 | 100 | 467397590009 | 0.146797 | 194.257 | 0
CPAMBB | KNN_100 | 80 | 100 | 347748932124 | 0.146797 | 194.257 | 0
CPAMBB | KNN_100 | 81 | 100 | 654940464525 | 0.146797 | 194.257 | 0
CPAMBB | KNN_100 | 82 | 100 | 374049735931 | 0.146797 | 194.257 | 0
CPAMBB | KNN_100 | 83 | 100 | 422826490496 | 0.146797 | 194.257 | 0
CPAMBB | KNN_100 | 84 | 100 | 572549681398 | 0.146797 | 194.257 | 0
CPAMBB | KNN_100 | 85 | 100 | 813102284487 | 0.146797 | 194.257 | 0
CPAMBB | KNN_100 | 86 | 100 | 443759316337 | 0.146797 | 194.257 | 0
CPAMBB | KNN_100 | 87 | 100 | 620187226142 | 0.146797 | 194.257 | 0
CPAMBB | KNN_100 | 88 | 100 | 450675190300 | 0.146797 | 194.257 | 0
CPAMBB | KNN_100 | 89 | 100 | 554927953871 | 0.146797 | 194.257 | 0
CPAMBB | KNN_100 | 90 | 100 | 525333941386 | 0.146797 | 194.257 | 0
CPAMBB | KNN_100 | 91 | 100 | 417134409691 | 0.146797 | 194.257 | 0
CPAMBB | KNN_100 | 92 | 100 | 259888737052 | 0.146797 | 194.257 | 0
CPAMBB | KNN_100 | 93 | 100 | 564086722989 | 0.146797 | 194.257 | 0
CPAMBB | KNN_100 | 94 | 100 | 503763921123 | 0.146797 | 194.257 | 0
CPAMBB | KNN_100 | 95 | 100 | 422869162031 | 0.146797 | 194.257 | 0
CPAMBB | KNN_100 | 96 | 100 | 404501119790 | 0.146797 | 194.257 | 0
CPAMBB | KNN_100 | 97 | 100 | 613336548381 | 0.146797 | 194.257 | 0
CPAMBB | KNN_100 | 98 | 100 | 793439960708 | 0.146797 | 194.257 | 0
CPAMBB | KNN_100 | 99 | 100 | 576736787901 | 0.146797 | 194.257 | 0
