Algo | QType | QID | Count | Hash | Time_ms | Mem_MB | Nodes
Rlog_3yr | Range_Small | 0 | 13 | 77370775039 | 6.10885 | 157.997 | 3517886
Rlog_3yr | Range_Small | 1 | 32 | 53711026007 | 6.10885 | 157.997 | 3517886
Rlog_3yr | Range_Small | 2 | 22 | 129856243729 | 6.10885 | 157.997 | 3517886
Rlog_3yr | Range_Small | 3 | 23 | 125861566061 | 6.10885 | 157.997 | 3517886
Rlog_3yr | Range_Small | 4 | 12 | 62231256115 | 6.10885 | 157.997 | 3517886
Rlog_3yr | Range_Small | 5 | 8 | 24044512384 | 6.10885 | 157.997 | 3517886
Rlog_3yr | Range_Small | 6 | 7 | 30210729085 | 6.10885 | 157.997 | 3517886
Rlog_3yr | Range_Small | 7 | 25 | 137139152206 | 6.10885 | 157.997 | 3517886
Rlog_3yr | Range_Small | 8 | 20 | 69205439825 | 6.10885 | 157.997 | 3517886
Rlog_3yr | Range_Small | 9 | 21 | 101048337549 | 6.10885 | 157.997 | 3517886
Rlog_3yr | Range_Small | 10 | 5 | 10444192042 | 6.10885 | 157.997 | 3517886
Rlog_3yr | Range_Small | 11 | 159 | 1224908840390 | 6.10885 | 157.997 | 3517886
Rlog_3yr | Range_Small | 12 | 27 | 152094047076 | 6.10885 | 157.997 | 3517886
Rlog_3yr | Range_Small | 13 | 64 | 498902711018 | 6.10885 | 157.997 | 3517886
Rlog_3yr | Range_Small | 14 | 9 | 62398590491 | 6.10885 | 157.997 | 3517886
Rlog_3yr | Range_Small | 15 | 9 | 42692757318 | 6.10885 | 157.997 | 3517886
Rlog_3yr | Range_Small | 16 | 17 | 94167736767 | 6.10885 | 157.997 | 3517886
Rlog_3yr | Range_Small | 17 | 17 | 54936443278 | 6.10885 | 157.997 | 3517886
Rlog_3yr | Range_Small | 18 | 91 | 300755550064 | 6.10885 | 157.997 | 3517886
Rlog_3yr | Range_Small | 19 | 11 | 49462926783 | 6.10885 | 157.997 | 3517886
Rlog_3yr | Range_Small | 20 | 40 | 276082178268 | 6.10885 | 157.997 | 3517886
Rlog_3yr | Range_Small | 21 | 8 | 20530185936 | 6.10885 | 157.997 | 3517886
Rlog_3yr | Range_Small | 22 | 15 | 121533916642 | 6.10885 | 157.997 | 3517886
Rlog_3yr | Range_Small | 23 | 41 | 316751500055 | 6.10885 | 157.997 | 3517886
Rlog_3yr | Range_Small | 24 | 24 | 85875862369 | 6.10885 | 157.997 | 3517886
Rlog_3yr | Range_Small | 25 | 23 | 109186965647 | 6.10885 | 157.997 | 3517886
Rlog_3yr | Range_Small | 26 | 18 | 75803961986 | 6.10885 | 157.997 | 3517886
Rlog_3yr | Range_Small | 27 | 17 | 135957155180 | 6.10885 | 157.997 | 3517886
Rlog_3yr | Range_Small | 28 | 19 | 76366734289 | 6.10885 | 157.997 | 3517886
Rlog_3yr | Range_Small | 29 | 6 | 39220518399 | 6.10885 | 157.997 | 3517886
Rlog_3yr | Range_Small | 30 | 24 | 119721156575 | 6.10885 | 157.997 | 3517886
Rlog_3yr | Range_Small | 31 | 9 | 38807608900 | 6.10885 | 157.997 | 3517886
Rlog_3yr | Range_Small | 32 | 43 | 326466680123 | 6.10885 | 157.997 | 3517886
Rlog_3yr | Range_Small | 33 | 43 | 197983429584 | 6.10885 | 157.997 | 3517886
Rlog_3yr | Range_Small | 34 | 28 | 129246907479 | 6.10885 | 157.997 | 3517886
Rlog_3yr | Range_Small | 35 | 26 | 119038116735 | 6.10885 | 157.997 | 3517886
Rlog_3yr | Range_Small | 36 | 26 | 144321353783 | 6.10885 | 157.997 | 3517886
Rlog_3yr | Range_Small | 37 | 7 | 27834564444 | 6.10885 | 157.997 | 3517886
Rlog_3yr | Range_Small | 38 | 22 | 93085338743 | 6.10885 | 157.997 | 3517886
Rlog_3yr | Range_Small | 39 | 23 | 144058810345 | 6.10885 | 157.997 | 3517886
Rlog_3yr | Range_Small | 40 | 9 | 65014688263 | 6.10885 | 157.997 | 3517886
Rlog_3yr | Range_Small | 41 | 30 | 236699744426 | 6.10885 | 157.997 | 3517886
Rlog_3yr | Range_Small | 42 | 20 | 144042841331 | 6.10885 | 157.997 | 3517886
Rlog_3yr | Range_Small | 43 | 26 | 109746726127 | 6.10885 | 157.997 | 3517886
Rlog_3yr | Range_Small | 44 | 17 | 118507044284 | 6.10885 | 157.997 | 3517886
Rlog_3yr | Range_Small | 45 | 421 | 3596916433530 | 6.10885 | 157.997 | 3517886
Rlog_3yr | Range_Small | 46 | 13 | 55049055046 | 6.10885 | 157.997 | 3517886
Rlog_3yr | Range_Small | 47 | 17 | 67184759025 | 6.10885 | 157.997 | 3517886
Rlog_3yr | Range_Small | 48 | 27 | 161403346733 | 6.10885 | 157.997 | 3517886
Rlog_3yr | Range_Small | 49 | 30 | 213510504440 | 6.10885 | 157.997 | 3517886
Rlog_3yr | Range_Small | 50 | 28 | 180664455452 | 6.10885 | 157.997 | 3517886
Rlog_3yr | Range_Small | 51 | 33 | 170949516973 | 6.10885 | 157.997 | 3517886
Rlog_3yr | Range_Small | 52 | 27 | 113726440350 | 6.10885 | 157.997 | 3517886
Rlog_3yr | Range_Small | 53 | 33 | 234478734443 | 6.10885 | 157.997 | 3517886
Rlog_3yr | Range_Small | 54 | 229 | 2166578596668 | 6.10885 | 157.997 | 3517886
Rlog_3yr | Range_Small | 55 | 30 | 141023065508 | 6.10885 | 157.997 | 3517886
Rlog_3yr | Range_Small | 56 | 24 | 165299014902 | 6.10885 | 157.997 | 3517886
Rlog_3yr | Range_Small | 57 | 9 | 39700892006 | 6.10885 | 157.997 | 3517886
Rlog_3yr | Range_Small | 58 | 9 | 70594327845 | 6.10885 | 157.997 | 3517886
Rlog_3yr | Range_Small | 59 | 12 | 77427663192 | 6.10885 | 157.997 | 3517886
Rlog_3yr | Range_Small | 60 | 14 | 82032329885 | 6.10885 | 157.997 | 3517886
Rlog_3yr | Range_Small | 61 | 72 | 610685637097 | 6.10885 | 157.997 | 3517886
Rlog_3yr | Range_Small | 62 | 35 | 222736003842 | 6.10885 | 157.997 | 3517886
Rlog_3yr | Range_Small | 63 | 12 | 67037267883 | 6.10885 | 157.997 | 3517886
Rlog_3yr | Range_Small | 64 | 23 | 160937214155 | 6.10885 | 157.997 | 3517886
Rlog_3yr | Range_Small | 65 | 20 | 90905044948 | 6.10885 | 157.997 | 3517886
Rlog_3yr | Range_Small | 66 | 16 | 114527890192 | 6.10885 | 157.997 | 3517886
Rlog_3yr | Range_Small | 67 | 24 | 79451503086 | 6.10885 | 157.997 | 3517886
Rlog_3yr | Range_Small | 68 | 12 | 62455255635 | 6.10885 | 157.997 | 3517886
Rlog_3yr | Range_Small | 69 | 28 | 118567150726 | 6.10885 | 157.997 | 3517886
Rlog_3yr | Range_Small | 70 | 23 | 96914505325 | 6.10885 | 157.997 | 3517886
Rlog_3yr | Range_Small | 71 | 10 | 45787739933 | 6.10885 | 157.997 | 3517886
Rlog_3yr | Range_Small | 72 | 8 | 34163189116 | 6.10885 | 157.997 | 3517886
Rlog_3yr | Range_Small | 73 | 56 | 367092482539 | 6.10885 | 157.997 | 3517886
Rlog_3yr | Range_Small | 74 | 21 | 115889080538 | 6.10885 | 157.997 | 3517886
Rlog_3yr | Range_Small | 75 | 193 | 1755647993200 | 6.10885 | 157.997 | 3517886
Rlog_3yr | Range_Small | 76 | 57 | 373217383685 | 6.10885 | 157.997 | 3517886
Rlog_3yr | Range_Small | 77 | 6 | 36791632285 | 6.10885 | 157.997 | 3517886
Rlog_3yr | Range_Small | 78 | 14 | 64679200958 | 6.10885 | 157.997 | 3517886
Rlog_3yr | Range_Small | 79 | 7 | 29419315026 | 6.10885 | 157.997 | 3517886
Rlog_3yr | Range_Small | 80 | 32 | 169159433677 | 6.10885 | 157.997 | 3517886
Rlog_3yr | Range_Small | 81 | 19 | 76911222342 | 6.10885 | 157.997 | 3517886
Rlog_3yr | Range_Small | 82 | 12 | 36060674260 | 6.10885 | 157.997 | 3517886
Rlog_3yr | Range_Small | 83 | 6 | 25235680887 | 6.10885 | 157.997 | 3517886
Rlog_3yr | Range_Small | 84 | 12 | 75262948400 | 6.10885 | 157.997 | 3517886
Rlog_3yr | Range_Small | 85 | 12 | 75701376608 | 6.10885 | 157.997 | 3517886
Rlog_3yr | Range_Small | 86 | 22 | 102617147316 | 6.10885 | 157.997 | 3517886
Rlog_3yr | Range_Small | 87 | 26 | 138603512222 | 6.10885 | 157.997 | 3517886
Rlog_3yr | Range_Small | 88 | 68 | 444090789253 | 6.10885 | 157.997 | 3517886
Rlog_3yr | Range_Small | 89 | 16 | 67378291398 | 6.10885 | 157.997 | 3517886
Rlog_3yr | Range_Small | 90 | 7 | 54446188559 | 6.10885 | 157.997 | 3517886
Rlog_3yr | Range_Small | 91 | 39 | 123941598136 | 6.10885 | 157.997 | 3517886
Rlog_3yr | Range_Small | 92 | 97 | 788216769559 | 6.10885 | 157.997 | 3517886
Rlog_3yr | Range_Small | 93 | 43 | 319078638360 | 6.10885 | 157.997 | 3517886
Rlog_3yr | Range_Small | 94 | 938 | 8286210346609 | 6.10885 | 157.997 | 3517886
Rlog_3yr | Range_Small | 95 | 17 | 40305951284 | 6.10885 | 157.997 | 3517886
Rlog_3yr | Range_Small | 96 | 17 | 95793647740 | 6.10885 | 157.997 | 3517886
Rlog_3yr | Range_Small | 97 | 15 | 48307626664 | 6.10885 | 157.997 | 3517886
Rlog_3yr | Range_Small | 98 | 5 | 24701734710 | 6.10885 | 157.997 | 3517886
Rlog_3yr | Range_Small | 99 | 13 | 81801958022 | 6.10885 | 157.997 | 3517886
Rlog_3yr | Range_Med | 0 | 398 | 3374654384105 | 6.11193 | 157.997 | 3517886
Rlog_3yr | Range_Med | 1 | 571 | 3072788089993 | 6.11193 | 157.997 | 3517886
Rlog_3yr | Range_Med | 2 | 821 | 6087507567305 | 6.11193 | 157.997 | 3517886
Rlog_3yr | Range_Med | 3 | 2764 | 23675143764724 | 6.11193 | 157.997 | 3517886
Rlog_3yr | Range_Med | 4 | 953 | 4187238643919 | 6.11193 | 157.997 | 3517886
Rlog_3yr | Range_Med | 5 | 259 | 1392249812552 | 6.11193 | 157.997 | 3517886
Rlog_3yr | Range_Med | 6 | 923 | 6739746573916 | 6.11193 | 157.997 | 3517886
Rlog_3yr | Range_Med | 7 | 2182 | 16239997148827 | 6.11193 | 157.997 | 3517886
Rlog_3yr | Range_Med | 8 | 271 | 1506175694029 | 6.11193 | 157.997 | 3517886
Rlog_3yr | Range_Med | 9 | 140 | 893160715037 | 6.11193 | 157.997 | 3517886
Rlog_3yr | Range_Med | 10 | 8732 | 75831014504900 | 6.11193 | 157.997 | 3517886
Rlog_3yr | Range_Med | 11 | 221 | 1820452057050 | 6.11193 | 157.997 | 3517886
Rlog_3yr | Range_Med | 12 | 1701 | 12251361224759 | 6.11193 | 157.997 | 3517886
Rlog_3yr | Range_Med | 13 | 10747 | 96726396587557 | 6.11193 | 157.997 | 3517886
Rlog_3yr | Range_Med | 14 | 863 | 5315628804962 | 6.11193 | 157.997 | 3517886
Rlog_3yr | Range_Med | 15 | 836 | 4356142870233 | 6.11193 | 157.997 | 3517886
Rlog_3yr | Range_Med | 16 | 787 | 3705948233974 | 6.11193 | 157.997 | 3517886
Rlog_3yr | Range_Med | 17 | 212 | 1094747251279 | 6.11193 | 157.997 | 3517886
Rlog_3yr | Range_Med | 18 | 2319 | 18257651063490 | 6.11193 | 157.997 | 3517886
Rlog_3yr | Range_Med | 19 | 606 | 3085479772128 | 6.11193 | 157.997 | 3517886
Rlog_3yr | Range_Med | 20 | 1225 | 7589729199800 | 6.11193 | 157.997 | 3517886
Rlog_3yr | Range_Med | 21 | 1757 | 13558623862404 | 6.11193 | 157.997 | 3517886
Rlog_3yr | Range_Med | 22 | 328 | 2372584712075 | 6.11193 | 157.997 | 3517886
Rlog_3yr | Range_Med | 23 | 206 | 1379665471007 | 6.11193 | 157.997 | 3517886
Rlog_3yr | Range_Med | 24 | 564 | 4181319887245 | 6.11193 | 157.997 | 3517886
Rlog_3yr | Range_Med | 25 | 2451 | 17727294722640 | 6.11193 | 157.997 | 3517886
Rlog_3yr | Range_Med | 26 | 3490 | 28691373975952 | 6.11193 | 157.997 | 3517886
Rlog_3yr | Range_Med | 27 | 1501 | 10697773400367 | 6.11193 | 157.997 | 3517886
Rlog_3yr | Range_Med | 28 | 34 | 119748120536 | 6.11193 | 157.997 | 3517886
Rlog_3yr | Range_Med | 29 | 2029 | 16449653504780 | 6.11193 | 157.997 | 3517886
Rlog_3yr | Range_Med | 30 | 423 | 2163060947131 | 6.11193 | 157.997 | 3517886
Rlog_3yr | Range_Med | 31 | 269 | 1769785065179 | 6.11193 | 157.997 | 3517886
Rlog_3yr | Range_Med | 32 | 122 | 489676504281 | 6.11193 | 157.997 | 3517886
Rlog_3yr | Range_Med | 33 | 296 | 1324047099481 | 6.11193 | 157.997 | 3517886
Rlog_3yr | Range_Med | 34 | 793 | 3194608426890 | 6.11193 | 157.997 | 3517886
Rlog_3yr | Range_Med | 35 | 296 | 1256914012273 | 6.11193 | 157.997 | 3517886
Rlog_3yr | Range_Med | 36 | 643 | 3569890106699 | 6.11193 | 157.997 | 3517886
Rlog_3yr | Range_Med | 37 | 802 | 4489969507745 | 6.11193 | 157.997 | 3517886
Rlog_3yr | Range_Med | 38 | 392 | 2090425501125 | 6.11193 | 157.997 | 3517886
Rlog_3yr | Range_Med | 39 | 1218 | 6700931381197 | 6.11193 | 157.997 | 3517886
Rlog_3yr | Range_Med | 40 | 3569 | 27006770183173 | 6.11193 | 157.997 | 3517886
Rlog_3yr | Range_Med | 41 | 1857 | 16104214339416 | 6.11193 | 157.997 | 3517886
Rlog_3yr | Range_Med | 42 | 1007 | 6764862922611 | 6.11193 | 157.997 | 3517886
Rlog_3yr | Range_Med | 43 | 287 | 1143165483202 | 6.11193 | 157.997 | 3517886
Rlog_3yr | Range_Med | 44 | 659 | 4673217923588 | 6.11193 | 157.997 | 3517886
Rlog_3yr | Range_Med | 45 | 269 | 2207044593402 | 6.11193 | 157.997 | 3517886
Rlog_3yr | Range_Med | 46 | 537 | 2127300734014 | 6.11193 | 157.997 | 3517886
Rlog_3yr | Range_Med | 47 | 437 | 1854859526811 | 6.11193 | 157.997 | 3517886
Rlog_3yr | Range_Med | 48 | 68 | 196755611074 | 6.11193 | 157.997 | 3517886
Rlog_3yr | Range_Med | 49 | 640 | 4799055700555 | 6.11193 | 157.997 | 3517886
Rlog_3yr | Range_Med | 50 | 1275 | 9849965202564 | 6.11193 | 157.997 | 3517886
Rlog_3yr | Range_Med | 51 | 279 | 1661075763456 | 6.11193 | 157.997 | 3517886
Rlog_3yr | Range_Med | 52 | 444 | 3627115996528 | 6.11193 | 157.997 | 3517886
Rlog_3yr | Range_Med | 53 | 499 | 2790677575821 | 6.11193 | 157.997 | 3517886
Rlog_3yr | Range_Med | 54 | 8584 | 72079146908553 | 6.11193 | 157.997 | 3517886
Rlog_3yr | Range_Med | 55 | 367 | 2421720344360 | 6.11193 | 157.997 | 3517886
Rlog_3yr | Range_Med | 56 | 1028 | 5468472836713 | 6.11193 | 157.997 | 3517886
Rlog_3yr | Range_Med | 57 | 664 | 2783637433173 | 6.11193 | 157.997 | 3517886
Rlog_3yr | Range_Med | 58 | 214 | 851062084633 | 6.11193 | 157.997 | 3517886
Rlog_3yr | Range_Med | 59 | 3728 | 32861380191956 | 6.11193 | 157.997 | 3517886
Rlog_3yr | Range_Med | 60 | 345 | 1662001535147 | 6.11193 | 157.997 | 3517886
Rlog_3yr | Range_Med | 61 | 1143 | 9531896315892 | 6.11193 | 157.997 | 3517886
Rlog_3yr | Range_Med | 62 | 2186 | 17467117558977 | 6.11193 | 157.997 | 3517886
Rlog_3yr | Range_Med | 63 | 2105 | 18002105045178 | 6.11193 | 157.997 | 3517886
Rlog_3yr | Range_Med | 64 | 1188 | 9982836307483 | 6.11193 | 157.997 | 3517886
Rlog_3yr | Range_Med | 65 | 986 | 5467721717877 | 6.11193 | 157.997 | 3517886
Rlog_3yr | Range_Med | 66 | 727 | 4920882117871 | 6.11193 | 157.997 | 3517886
Rlog_3yr | Range_Med | 67 | 360 | 2681544996807 | 6.11193 | 157.997 | 3517886
Rlog_3yr | Range_Med | 68 | 240 | 1765492358519 | 6.11193 | 157.997 | 3517886
Rlog_3yr | Range_Med | 69 | 585 | 2933202371814 | 6.11193 | 157.997 | 3517886
Rlog_3yr | Range_Med | 70 | 1121 | 7249280438156 | 6.11193 | 157.997 | 3517886
Rlog_3yr | Range_Med | 71 | 46 | 209860916426 | 6.11193 | 157.997 | 3517886
Rlog_3yr | Range_Med | 72 | 569 | 3965285963142 | 6.11193 | 157.997 | 3517886
Rlog_3yr | Range_Med | 73 | 215 | 925655782347 | 6.11193 | 157.997 | 3517886
Rlog_3yr | Range_Med | 74 | 993 | 5781748711169 | 6.11193 | 157.997 | 3517886
Rlog_3yr | Range_Med | 75 | 288 | 2128352121093 | 6.11193 | 157.997 | 3517886
Rlog_3yr | Range_Med | 76 | 570 | 2402796432035 | 6.11193 | 157.997 | 3517886
Rlog_3yr | Range_Med | 77 | 1303 | 7234268739354 | 6.11193 | 157.997 | 3517886
Rlog_3yr | Range_Med | 78 | 18906 | 165264880844648 | 6.11193 | 157.997 | 3517886
Rlog_3yr | Range_Med | 79 | 213 | 1316914671456 | 6.11193 | 157.997 | 3517886
Rlog_3yr | Range_Med | 80 | 1295 | 10731558030240 | 6.11193 | 157.997 | 3517886
Rlog_3yr | Range_Med | 81 | 626 | 4147152445232 | 6.11193 | 157.997 | 3517886
Rlog_3yr | Range_Med | 82 | 2231 | 17035317026793 | 6.11193 | 157.997 | 3517886
Rlog_3yr | Range_Med | 83 | 7561 | 66386708145142 | 6.11193 | 157.997 | 3517886
Rlog_3yr | Range_Med | 84 | 229 | 910569695605 | 6.11193 | 157.997 | 3517886
Rlog_3yr | Range_Med | 85 | 1369 | 9154972757745 | 6.11193 | 157.997 | 3517886
Rlog_3yr | Range_Med | 86 | 788 | 6318809148560 | 6.11193 | 157.997 | 3517886
Rlog_3yr | Range_Med | 87 | 1924 | 13975594868113 | 6.11193 | 157.997 | 3517886
Rlog_3yr | Range_Med | 88 | 593 | 3133780343308 | 6.11193 | 157.997 | 3517886
Rlog_3yr | Range_Med | 89 | 1213 | 10097041096253 | 6.11193 | 157.997 | 3517886
Rlog_3yr | Range_Med | 90 | 117 | 899589426657 | 6.11193 | 157.997 | 3517886
Rlog_3yr | Range_Med | 91 | 815 | 4037141628238 | 6.11193 | 157.997 | 3517886
Rlog_3yr | Range_Med | 92 | 2232 | 17398982327992 | 6.11193 | 157.997 | 3517886
Rlog_3yr | Range_Med | 93 | 1169 | 8337733314627 | 6.11193 | 157.997 | 3517886
Rlog_3yr | Range_Med | 94 | 501 | 2663700011216 | 6.11193 | 157.997 | 3517886
Rlog_3yr | Range_Med | 95 | 4688 | 41593787073022 | 6.11193 | 157.997 | 3517886
Rlog_3yr | Range_Med | 96 | 2384 | 19433836499838 | 6.11193 | 157.997 | 3517886
Rlog_3yr | Range_Med | 97 | 1908 | 15357858206915 | 6.11193 | 157.997 | 3517886
Rlog_3yr | Range_Med | 98 | 4016 | 33925920043661 | 6.11193 | 157.997 | 3517886
Rlog_3yr | Range_Med | 99 | 1684 | 13786738606989 | 6.11193 | 157.997 | 3517886
Rlog_3yr | Range_Large | 0 | 2608 | 14328676707023 | 6.2138 | 157.997 | 3517886
Rlog_3yr | Range_Large | 1 | 1308 | 8278396409531 | 6.2138 | 157.997 | 3517886
Rlog_3yr | Range_Large | 2 | 2340 | 16722086383021 | 6.2138 | 157.997 | 3517886
Rlog_3yr | Range_Large | 3 | 5492 | 38268468977040 | 6.2138 | 157.997 | 3517886
Rlog_3yr | Range_Large | 4 | 6149 | 47007816061785 | 6.2138 | 157.997 | 3517886
Rlog_3yr | Range_Large | 5 | 886 | 3817913899533 | 6.2138 | 157.997 | 3517886
Rlog_3yr | Range_Large | 6 | 1210 | 5816045378762 | 6.2138 | 157.997 | 3517886
Rlog_3yr | Range_Large | 7 | 15336 | 129039032398744 | 6.2138 | 157.997 | 3517886
Rlog_3yr | Range_Large | 8 | 3645 | 28071332035895 | 6.2138 | 157.997 | 3517886
Rlog_3yr | Range_Large | 9 | 2979 | 21919299228920 | 6.2138 | 157.997 | 3517886
Rlog_3yr | Range_Large | 10 | 2577 | 13883655748827 | 6.2138 | 157.997 | 3517886
Rlog_3yr | Range_Large | 11 | 3966 | 23380087845605 | 6.2138 | 157.997 | 3517886
Rlog_3yr | Range_Large | 12 | 11610 | 92466490295170 | 6.2138 | 157.997 | 3517886
Rlog_3yr | Range_Large | 13 | 3767 | 21619836331368 | 6.2138 | 157.997 | 3517886
Rlog_3yr | Range_Large | 14 | 8077 | 61615508610460 | 6.2138 | 157.997 | 3517886
Rlog_3yr | Range_Large | 15 | 1564 | 8027039728069 | 6.2138 | 157.997 | 3517886
Rlog_3yr | Range_Large | 16 | 7031 | 54069863083454 | 6.2138 | 157.997 | 3517886
Rlog_3yr | Range_Large | 17 | 6743 | 41576768046995 | 6.2138 | 157.997 | 3517886
Rlog_3yr | Range_Large | 18 | 12740 | 98980133100554 | 6.2138 | 157.997 | 3517886
Rlog_3yr | Range_Large | 19 | 15329 | 113064131610972 | 6.2138 | 157.997 | 3517886
Rlog_3yr | Range_Large | 20 | 7490 | 57868137028400 | 6.2138 | 157.997 | 3517886
Rlog_3yr | Range_Large | 21 | 25711 | 225131158279635 | 6.2138 | 157.997 | 3517886
Rlog_3yr | Range_Large | 22 | 1611 | 10340635050679 | 6.2138 | 157.997 | 3517886
Rlog_3yr | Range_Large | 23 | 3915 | 28730167750218 | 6.2138 | 157.997 | 3517886
Rlog_3yr | Range_Large | 24 | 9165 | 73181968529338 | 6.2138 | 157.997 | 3517886
Rlog_3yr | Range_Large | 25 | 3158 | 22861627626803 | 6.2138 | 157.997 | 3517886
Rlog_3yr | Range_Large | 26 | 14745 | 92364263240071 | 6.2138 | 157.997 | 3517886
Rlog_3yr | Range_Large | 27 | 2011 | 11643050172759 | 6.2138 | 157.997 | 3517886
Rlog_3yr | Range_Large | 28 | 23601 | 195250201521950 | 6.2138 | 157.997 | 3517886
Rlog_3yr | Range_Large | 29 | 31263 | 256825612746255 | 6.2138 | 157.997 | 3517886
Rlog_3yr | Range_Large | 30 | 3664 | 19311252461691 | 6.2138 | 157.997 | 3517886
Rlog_3yr | Range_Large | 31 | 8426 | 66842622755030 | 6.2138 | 157.997 | 3517886
Rlog_3yr | Range_Large | 32 | 3497 | 23330415861008 | 6.2138 | 157.997 | 3517886
Rlog_3yr | Range_Large | 33 | 27340 | 236058529233846 | 6.2138 | 157.997 | 3517886
Rlog_3yr | Range_Large | 34 | 1450 | 6663183763944 | 6.2138 | 157.997 | 3517886
Rlog_3yr | Range_Large | 35 | 4145 | 25213607011475 | 6.2138 | 157.997 | 3517886
Rlog_3yr | Range_Large | 36 | 3479 | 22446687148211 | 6.2138 | 157.997 | 3517886
Rlog_3yr | Range_Large | 37 | 4300 | 35792536832900 | 6.2138 | 157.997 | 3517886
Rlog_3yr | Range_Large | 38 | 14789 | 120457815272269 | 6.2138 | 157.997 | 3517886
Rlog_3yr | Range_Large | 39 | 10434 | 95731494927844 | 6.2138 | 157.997 | 3517886
Rlog_3yr | Range_Large | 40 | 4250 | 22221113866329 | 6.2138 | 157.997 | 3517886
Rlog_3yr | Range_Large | 41 | 9004 | 63735514748542 | 6.2138 | 157.997 | 3517886
Rlog_3yr | Range_Large | 42 | 108975 | 968755919342388 | 6.2138 | 157.997 | 3517886
Rlog_3yr | Range_Large | 43 | 6727 | 56444678071364 | 6.2138 | 157.997 | 3517886
Rlog_3yr | Range_Large | 44 | 915 | 6121249803816 | 6.2138 | 157.997 | 3517886
Rlog_3yr | Range_Large | 45 | 3173 | 13796612622896 | 6.2138 | 157.997 | 3517886
Rlog_3yr | Range_Large | 46 | 11643 | 95688134086020 | 6.2138 | 157.997 | 3517886
Rlog_3yr | Range_Large | 47 | 22195 | 192377907812495 | 6.2138 | 157.997 | 3517886
Rlog_3yr | Range_Large | 48 | 8440 | 59810050010638 | 6.2138 | 157.997 | 3517886
Rlog_3yr | Range_Large | 49 | 6427 | 37726196001043 | 6.2138 | 157.997 | 3517886
Rlog_3yr | Range_Large | 50 | 6601 | 53340899146453 | 6.2138 | 157.997 | 3517886
Rlog_3yr | Range_Large | 51 | 2711 | 16986954369178 | 6.2138 | 157.997 | 3517886
Rlog_3yr | Range_Large | 52 | 3293 | 15869881172790 | 6.2138 | 157.997 | 3517886
Rlog_3yr | Range_Large | 53 | 1858 | 9719694963031 | 6.2138 | 157.997 | 3517886
Rlog_3yr | Range_Large | 54 | 1380 | 6094030813151 | 6.2138 | 157.997 | 3517886
Rlog_3yr | Range_Large | 55 | 2628 | 12325626245818 | 6.2138 | 157.997 | 3517886
Rlog_3yr | Range_Large | 56 | 32741 | 289992772978035 | 6.2138 | 157.997 | 3517886
Rlog_3yr | Range_Large | 57 | 3405 | 19771046908075 | 6.2138 | 157.997 | 3517886
Rlog_3yr | Range_Large | 58 | 2537 | 12020812106510 | 6.2138 | 157.997 | 3517886
Rlog_3yr | Range_Large | 59 | 4084 | 28135005495190 | 6.2138 | 157.997 | 3517886
Rlog_3yr | Range_Large | 60 | 9336 | 74612483013736 | 6.2138 | 157.997 | 3517886
Rlog_3yr | Range_Large | 61 | 8431 | 65449165781265 | 6.2138 | 157.997 | 3517886
Rlog_3yr | Range_Large | 62 | 1658 | 8746484602438 | 6.2138 | 157.997 | 3517886
Rlog_3yr | Range_Large | 63 | 28682 | 251288133344407 | 6.2138 | 157.997 | 3517886
Rlog_3yr | Range_Large | 64 | 11178 | 81008189351999 | 6.2138 | 157.997 | 3517886
Rlog_3yr | Range_Large | 65 | 3406 | 16552172741707 | 6.2138 | 157.997 | 3517886
Rlog_3yr | Range_Large | 66 | 9782 | 66609840313504 | 6.2138 | 157.997 | 3517886
Rlog_3yr | Range_Large | 67 | 27360 | 230141922253678 | 6.2138 | 157.997 | 3517886
Rlog_3yr | Range_Large | 68 | 14444 | 120449033235279 | 6.2138 | 157.997 | 3517886
Rlog_3yr | Range_Large | 69 | 7900 | 64344144997049 | 6.2138 | 157.997 | 3517886
Rlog_3yr | Range_Large | 70 | 3092 | 13378647315551 | 6.2138 | 157.997 | 3517886
Rlog_3yr | Range_Large | 71 | 4764 | 27212828481542 | 6.2138 | 157.997 | 3517886
Rlog_3yr | Range_Large | 72 | 25651 | 224008455671437 | 6.2138 | 157.997 | 3517886
Rlog_3yr | Range_Large | 73 | 4133 | 17399209891884 | 6.2138 | 157.997 | 3517886
Rlog_3yr | Range_Large | 74 | 2708 | 12755409293811 | 6.2138 | 157.997 | 3517886
Rlog_3yr | Range_Large | 75 | 12970 | 106416726628557 | 6.2138 | 157.997 | 3517886
Rlog_3yr | Range_Large | 76 | 10009 | 78953815196994 | 6.2138 | 157.997 | 3517886
Rlog_3yr | Range_Large | 77 | 17726 | 149009352286019 | 6.2138 | 157.997 | 3517886
Rlog_3yr | Range_Large | 78 | 2701 | 11786867806007 | 6.2138 | 157.997 | 3517886
Rlog_3yr | Range_Large | 79 | 6114 | 37427838633163 | 6.2138 | 157.997 | 3517886
Rlog_3yr | Range_Large | 80 | 19699 | 159718679423555 | 6.2138 | 157.997 | 3517886
Rlog_3yr | Range_Large | 81 | 12987 | 105213956375183 | 6.2138 | 157.997 | 3517886
Rlog_3yr | Range_Large | 82 | 8785 | 55932238585242 | 6.2138 | 157.997 | 3517886
Rlog_3yr | Range_Large | 83 | 1638 | 10384194931807 | 6.2138 | 157.997 | 3517886
Rlog_3yr | Range_Large | 84 | 6012 | 46531010265157 | 6.2138 | 157.997 | 3517886
Rlog_3yr | Range_Large | 85 | 1033 | 5060182302693 | 6.2138 | 157.997 | 3517886
Rlog_3yr | Range_Large | 86 | 3186 | 17644999678538 | 6.2138 | 157.997 | 3517886
Rlog_3yr | Range_Large | 87 | 3872 | 32143071053568 | 6.2138 | 157.997 | 3517886
Rlog_3yr | Range_Large | 88 | 8222 | 72676169099613 | 6.2138 | 157.997 | 3517886
Rlog_3yr | Range_Large | 89 | 11573 | 96107817119228 | 6.2138 | 157.997 | 3517886
Rlog_3yr | Range_Large | 90 | 2639 | 19336097422019 | 6.2138 | 157.997 | 3517886
Rlog_3yr | Range_Large | 91 | 19688 | 187972307661142 | 6.2138 | 157.997 | 3517886
Rlog_3yr | Range_Large | 92 | 5994 | 43599404912319 | 6.2138 | 157.997 | 3517886
Rlog_3yr | Range_Large | 93 | 3142 | 20932871574902 | 6.2138 | 157.997 | 3517886
Rlog_3yr | Range_Large | 94 | 1968 | 12418687079478 | 6.2138 | 157.997 | 3517886
Rlog_3yr | Range_Large | 95 | 20416 | 174229014327481 | 6.2138 | 157.997 | 3517886
Rlog_3yr | Range_Large | 96 | 14521 | 116859433060594 | 6.2138 | 157.997 | 3517886
Rlog_3yr | Range_Large | 97 | 1514 | 9382959294159 | 6.2138 | 157.997 | 3517886
Rlog_3yr | Range_Large | 98 | 3959 | 26037405514644 | 6.2138 | 157.997 | 3517886
Rlog_3yr | Range_Large | 99 | 2857 | 21459320939608 | 6.2138 | 157.997 | 3517886
Rlog_3yr | KNN_1 | 0 | 1 | 4109800876 | 7.21067 | 157.997 | 3517886
Rlog_3yr | KNN_1 | 1 | 1 | 3975618857 | 7.21067 | 157.997 | 3517886
Rlog_3yr | KNN_1 | 2 | 1 | 4991773909 | 7.21067 | 157.997 | 3517886
Rlog_3yr | KNN_1 | 3 | 1 | 6351721307 | 7.21067 | 157.997 | 3517886
Rlog_3yr | KNN_1 | 4 | 1 | 3999786401 | 7.21067 | 157.997 | 3517886
Rlog_3yr | KNN_1 | 5 | 1 | 7778027688 | 7.21067 | 157.997 | 3517886
Rlog_3yr | KNN_1 | 6 | 1 | 5820768138 | 7.21067 | 157.997 | 3517886
Rlog_3yr | KNN_1 | 7 | 1 | 6930031700 | 7.21067 | 157.997 | 3517886
Rlog_3yr | KNN_1 | 8 | 1 | 5914665256 | 7.21067 | 157.997 | 3517886
Rlog_3yr | KNN_1 | 9 | 1 | 3976304937 | 7.21067 | 157.997 | 3517886
Rlog_3yr | KNN_1 | 10 | 1 | 6525067116 | 7.21067 | 157.997 | 3517886
Rlog_3yr | KNN_1 | 11 | 1 | 4223376159 | 7.21067 | 157.997 | 3517886
Rlog_3yr | KNN_1 | 12 | 1 | 5000908405 | 7.21067 | 157.997 | 3517886
Rlog_3yr | KNN_1 | 13 | 1 | 4205944526 | 7.21067 | 157.997 | 3517886
Rlog_3yr | KNN_1 | 14 | 1 | 3199873781 | 7.21067 | 157.997 | 3517886
Rlog_3yr | KNN_1 | 15 | 1 | 3202241123 | 7.21067 | 157.997 | 3517886
Rlog_3yr | KNN_1 | 16 | 1 | 6744427225 | 7.21067 | 157.997 | 3517886
Rlog_3yr | KNN_1 | 17 | 1 | 4166615298 | 7.21067 | 157.997 | 3517886
Rlog_3yr | KNN_1 | 18 | 1 | 3460272229 | 7.21067 | 157.997 | 3517886
Rlog_3yr | KNN_1 | 19 | 1 | 3593378745 | 7.21067 | 157.997 | 3517886
Rlog_3yr | KNN_1 | 20 | 1 | 4378798839 | 7.21067 | 157.997 | 3517886
Rlog_3yr | KNN_1 | 21 | 1 | 4577766351 | 7.21067 | 157.997 | 3517886
Rlog_3yr | KNN_1 | 22 | 1 | 7956219193 | 7.21067 | 157.997 | 3517886
Rlog_3yr | KNN_1 | 23 | 1 | 2634542886 | 7.21067 | 157.997 | 3517886
Rlog_3yr | KNN_1 | 24 | 1 | 6538626459 | 7.21067 | 157.997 | 3517886
Rlog_3yr | KNN_1 | 25 | 1 | 7505379523 | 7.21067 | 157.997 | 3517886
Rlog_3yr | KNN_1 | 26 | 1 | 4936175009 | 7.21067 | 157.997 | 3517886
Rlog_3yr | KNN_1 | 27 | 1 | 4210294429 | 7.21067 | 157.997 | 3517886
Rlog_3yr | KNN_1 | 28 | 1 | 4843321394 | 7.21067 | 157.997 | 3517886
Rlog_3yr | KNN_1 | 29 | 1 | 5859605560 | 7.21067 | 157.997 | 3517886
Rlog_3yr | KNN_1 | 30 | 1 | 4338985572 | 7.21067 | 157.997 | 3517886
Rlog_3yr | KNN_1 | 31 | 1 | 7505240356 | 7.21067 | 157.997 | 3517886
Rlog_3yr | KNN_1 | 32 | 1 | 7778028507 | 7.21067 | 157.997 | 3517886
Rlog_3yr | KNN_1 | 33 | 1 | 3522003744 | 7.21067 | 157.997 | 3517886
Rlog_3yr | KNN_1 | 34 | 1 | 4989295959 | 7.21067 | 157.997 | 3517886
Rlog_3yr | KNN_1 | 35 | 1 | 3202205577 | 7.21067 | 157.997 | 3517886
Rlog_3yr | KNN_1 | 36 | 1 | 1467091125 | 7.21067 | 157.997 | 3517886
Rlog_3yr | KNN_1 | 37 | 1 | 4015633459 | 7.21067 | 157.997 | 3517886
Rlog_3yr | KNN_1 | 38 | 1 | 6746877171 | 7.21067 | 157.997 | 3517886
Rlog_3yr | KNN_1 | 39 | 1 | 5365756697 | 7.21067 | 157.997 | 3517886
Rlog_3yr | KNN_1 | 40 | 1 | 4364716911 | 7.21067 | 157.997 | 3517886
Rlog_3yr | KNN_1 | 41 | 1 | 5859349707 | 7.21067 | 157.997 | 3517886
Rlog_3yr | KNN_1 | 42 | 1 | 3202143743 | 7.21067 | 157.997 | 3517886
Rlog_3yr | KNN_1 | 43 | 1 | 3548399688 | 7.21067 | 157.997 | 3517886
Rlog_3yr | KNN_1 | 44 | 1 | 8204052745 | 7.21067 | 157.997 | 3517886
Rlog_3yr | KNN_1 | 45 | 1 | 3004599108 | 7.21067 | 157.997 | 3517886
Rlog_3yr | KNN_1 | 46 | 1 | 3522003376 | 7.21067 | 157.997 | 3517886
Rlog_3yr | KNN_1 | 47 | 1 | 6615129594 | 7.21067 | 157.997 | 3517886
Rlog_3yr | KNN_1 | 48 | 1 | 4108005726 | 7.21067 | 157.997 | 3517886
Rlog_3yr | KNN_1 | 49 | 1 | 3731033390 | 7.21067 | 157.997 | 3517886
Rlog_3yr | KNN_1 | 50 | 1 | 7497508473 | 7.21067 | 157.997 | 3517886
Rlog_3yr | KNN_1 | 51 | 1 | 6261391235 | 7.21067 | 157.997 | 3517886
Rlog_3yr | KNN_1 | 52 | 1 | 5761268740 | 7.21067 | 157.997 | 3517886
Rlog_3yr | KNN_1 | 53 | 1 | 5955448503 | 7.21067 | 157.997 | 3517886
Rlog_3yr | KNN_1 | 54 | 1 | 5907847770 | 7.21067 | 157.997 | 3517886
Rlog_3yr | KNN_1 | 55 | 1 | 4680498089 | 7.21067 | 157.997 | 3517886
Rlog_3yr | KNN_1 | 56 | 1 | 5859604874 | 7.21067 | 157.997 | 3517886
Rlog_3yr | KNN_1 | 57 | 1 | 4106129845 | 7.21067 | 157.997 | 3517886
Rlog_3yr | KNN_1 | 58 | 1 | 6536663557 | 7.21067 | 157.997 | 3517886
Rlog_3yr | KNN_1 | 59 | 1 | 3999815876 | 7.21067 | 157.997 | 3517886
Rlog_3yr | KNN_1 | 60 | 1 | 2403328320 | 7.21067 | 157.997 | 3517886
Rlog_3yr | KNN_1 | 61 | 1 | 4184059477 | 7.21067 | 157.997 | 3517886
Rlog_3yr | KNN_1 | 62 | 1 | 3003213828 | 7.21067 | 157.997 | 3517886
Rlog_3yr | KNN_1 | 63 | 1 | 7026725970 | 7.21067 | 157.997 | 3517886
Rlog_3yr | KNN_1 | 64 | 1 | 4489771161 | 7.21067 | 157.997 | 3517886
Rlog_3yr | KNN_1 | 65 | 1 | 5821313720 | 7.21067 | 157.997 | 3517886
Rlog_3yr | KNN_1 | 66 | 1 | 6992657988 | 7.21067 | 157.997 | 3517886
Rlog_3yr | KNN_1 | 67 | 1 | 4577381233 | 7.21067 | 157.997 | 3517886
Rlog_3yr | KNN_1 | 68 | 1 | 1894405339 | 7.21067 | 157.997 | 3517886
Rlog_3yr | KNN_1 | 69 | 1 | 5955356797 | 7.21067 | 157.997 | 3517886
Rlog_3yr | KNN_1 | 70 | 1 | 3976571934 | 7.21067 | 157.997 | 3517886
Rlog_3yr | KNN_1 | 71 | 1 | 4214912205 | 7.21067 | 157.997 | 3517886
Rlog_3yr | KNN_1 | 72 | 1 | 4577369800 | 7.21067 | 157.997 | 3517886
Rlog_3yr | KNN_1 | 73 | 1 | 3975618090 | 7.21067 | 157.997 | 3517886
Rlog_3yr | KNN_1 | 74 | 1 | 4661366333 | 7.21067 | 157.997 | 3517886
Rlog_3yr | KNN_1 | 75 | 1 | 4229643478 | 7.21067 | 157.997 | 3517886
Rlog_3yr | KNN_1 | 76 | 1 | 3738160118 | 7.21067 | 157.997 | 3517886
Rlog_3yr | KNN_1 | 77 | 1 | 4851076477 | 7.21067 | 157.997 | 3517886
Rlog_3yr | KNN_1 | 78 | 1 | 3638001203 | 7.21067 | 157.997 | 3517886
Rlog_3yr | KNN_1 | 79 | 1 | 4375815001 | 7.21067 | 157.997 | 3517886
Rlog_3yr | KNN_1 | 80 | 1 | 6218578304 | 7.21067 | 157.997 | 3517886
Rlog_3yr | KNN_1 | 81 | 1 | 3415139498 | 7.21067 | 157.997 | 3517886
Rlog_3yr | KNN_1 | 82 | 1 | 3975068680 | 7.21067 | 157.997 | 3517886
Rlog_3yr | KNN_1 | 83 | 1 | 4595339809 | 7.21067 | 157.997 | 3517886
Rlog_3yr | KNN_1 | 84 | 1 | 5955519298 | 7.21067 | 157.997 | 3517886
Rlog_3yr | KNN_1 | 85 | 1 | 247433916 | 7.21067 | 157.997 | 3517886
Rlog_3yr | KNN_1 | 86 | 1 | 1986848570 | 7.21067 | 157.997 | 3517886
Rlog_3yr | KNN_1 | 87 | 1 | 4590593602 | 7.21067 | 157.997 | 3517886
Rlog_3yr | KNN_1 | 88 | 1 | 4106175416 | 7.21067 | 157.997 | 3517886
Rlog_3yr | KNN_1 | 89 | 1 | 6745828981 | 7.21067 | 157.997 | 3517886
Rlog_3yr | KNN_1 | 90 | 1 | 5962821798 | 7.21067 | 157.997 | 3517886
Rlog_3yr | KNN_1 | 91 | 1 | 4001401175 | 7.21067 | 157.997 | 3517886
Rlog_3yr | KNN_1 | 92 | 1 | 3422504726 | 7.21067 | 157.997 | 3517886
Rlog_3yr | KNN_1 | 93 | 1 | 5885364925 | 7.21067 | 157.997 | 3517886
Rlog_3yr | KNN_1 | 94 | 1 | 2215247003 | 7.21067 | 157.997 | 3517886
Rlog_3yr | KNN_1 | 95 | 1 | 4572134903 | 7.21067 | 157.997 | 3517886
Rlog_3yr | KNN_1 | 96 | 1 | 4369262085 | 7.21067 | 157.997 | 3517886
Rlog_3yr | KNN_1 | 97 | 1 | 7601574713 | 7.21067 | 157.997 | 3517886
Rlog_3yr | KNN_1 | 98 | 1 | 7509326342 | 7.21067 | 157.997 | 3517886
Rlog_3yr | KNN_1 | 99 | 1 | 4223374485 | 7.21067 | 157.997 | 3517886
Rlog_3yr | KNN_10 | 0 | 10 | 73870371642 | 7.21374 | 157.997 | 3517886
Rlog_3yr | KNN_10 | 1 | 10 | 49644777702 | 7.21374 | 157.997 | 3517886
Rlog_3yr | KNN_10 | 2 | 10 | 65244533750 | 7.21374 | 157.997 | 3517886
Rlog_3yr | KNN_10 | 3 | 10 | 60716425433 | 7.21374 | 157.997 | 3517886
Rlog_3yr | KNN_10 | 4 | 10 | 68491460055 | 7.21374 | 157.997 | 3517886
Rlog_3yr | KNN_10 | 5 | 10 | 76916435720 | 7.21374 | 157.997 | 3517886
Rlog_3yr | KNN_10 | 6 | 10 | 46926078682 | 7.21374 | 157.997 | 3517886
Rlog_3yr | KNN_10 | 7 | 10 | 42059484551 | 7.21374 | 157.997 | 3517886
Rlog_3yr | KNN_10 | 8 | 10 | 74974689257 | 7.21374 | 157.997 | 3517886
Rlog_3yr | KNN_10 | 9 | 10 | 59078822674 | 7.21374 | 157.997 | 3517886
Rlog_3yr | KNN_10 | 10 | 10 | 75880590925 | 7.21374 | 157.997 | 3517886
Rlog_3yr | KNN_10 | 11 | 10 | 62051813005 | 7.21374 | 157.997 | 3517886
Rlog_3yr | KNN_10 | 12 | 10 | 59079611670 | 7.21374 | 157.997 | 3517886
Rlog_3yr | KNN_10 | 13 | 10 | 80082016181 | 7.21374 | 157.997 | 3517886
Rlog_3yr | KNN_10 | 14 | 10 | 36991218128 | 7.21374 | 157.997 | 3517886
Rlog_3yr | KNN_10 | 15 | 10 | 46107281966 | 7.21374 | 157.997 | 3517886
Rlog_3yr | KNN_10 | 16 | 10 | 80110072885 | 7.21374 | 157.997 | 3517886
Rlog_3yr | KNN_10 | 17 | 10 | 51447078853 | 7.21374 | 157.997 | 3517886
Rlog_3yr | KNN_10 | 18 | 10 | 52809330385 | 7.21374 | 157.997 | 3517886
Rlog_3yr | KNN_10 | 19 | 10 | 36230771340 | 7.21374 | 157.997 | 3517886
Rlog_3yr | KNN_10 | 20 | 10 | 80188125950 | 7.21374 | 157.997 | 3517886
Rlog_3yr | KNN_10 | 21 | 10 | 59652436228 | 7.21374 | 157.997 | 3517886
Rlog_3yr | KNN_10 | 22 | 10 | 79184215241 | 7.21374 | 157.997 | 3517886
Rlog_3yr | KNN_10 | 23 | 10 | 83043373317 | 7.21374 | 157.997 | 3517886
Rlog_3yr | KNN_10 | 24 | 10 | 43254726440 | 7.21374 | 157.997 | 3517886
Rlog_3yr | KNN_10 | 25 | 10 | 42098046648 | 7.21374 | 157.997 | 3517886
Rlog_3yr | KNN_10 | 26 | 10 | 45211522797 | 7.21374 | 157.997 | 3517886
Rlog_3yr | KNN_10 | 27 | 10 | 65368444514 | 7.21374 | 157.997 | 3517886
Rlog_3yr | KNN_10 | 28 | 10 | 41814607807 | 7.21374 | 157.997 | 3517886
Rlog_3yr | KNN_10 | 29 | 10 | 43336752505 | 7.21374 | 157.997 | 3517886
Rlog_3yr | KNN_10 | 30 | 10 | 32444630998 | 7.21374 | 157.997 | 3517886
Rlog_3yr | KNN_10 | 31 | 10 | 79974799311 | 7.21374 | 157.997 | 3517886
Rlog_3yr | KNN_10 | 32 | 10 | 46061164546 | 7.21374 | 157.997 | 3517886
Rlog_3yr | KNN_10 | 33 | 10 | 80082016377 | 7.21374 | 157.997 | 3517886
Rlog_3yr | KNN_10 | 34 | 10 | 54768224921 | 7.21374 | 157.997 | 3517886
Rlog_3yr | KNN_10 | 35 | 10 | 57613501455 | 7.21374 | 157.997 | 3517886
Rlog_3yr | KNN_10 | 36 | 10 | 37728770337 | 7.21374 | 157.997 | 3517886
Rlog_3yr | KNN_10 | 37 | 10 | 45721272125 | 7.21374 | 157.997 | 3517886
Rlog_3yr | KNN_10 | 38 | 10 | 38288381211 | 7.21374 | 157.997 | 3517886
Rlog_3yr | KNN_10 | 39 | 10 | 82681434139 | 7.21374 | 157.997 | 3517886
Rlog_3yr | KNN_10 | 40 | 10 | 46639992508 | 7.21374 | 157.997 | 3517886
Rlog_3yr | KNN_10 | 41 | 10 | 49951812250 | 7.21374 | 157.997 | 3517886
Rlog_3yr | KNN_10 | 42 | 10 | 51294505714 | 7.21374 | 157.997 | 3517886
Rlog_3yr | KNN_10 | 43 | 10 | 79785446703 | 7.21374 | 157.997 | 3517886
Rlog_3yr | KNN_10 | 44 | 10 | 61418271847 | 7.21374 | 157.997 | 3517886
Rlog_3yr | KNN_10 | 45 | 10 | 52048060267 | 7.21374 | 157.997 | 3517886
Rlog_3yr | KNN_10 | 46 | 10 | 44551927916 | 7.21374 | 157.997 | 3517886
Rlog_3yr | KNN_10 | 47 | 10 | 54642108647 | 7.21374 | 157.997 | 3517886
Rlog_3yr | KNN_10 | 48 | 10 | 58853657566 | 7.21374 | 157.997 | 3517886
Rlog_3yr | KNN_10 | 49 | 10 | 43169172559 | 7.21374 | 157.997 | 3517886
Rlog_3yr | KNN_10 | 50 | 10 | 59078478856 | 7.21374 | 157.997 | 3517886
Rlog_3yr | KNN_10 | 51 | 10 | 48690537910 | 7.21374 | 157.997 | 3517886
Rlog_3yr | KNN_10 | 52 | 10 | 39597192280 | 7.21374 | 157.997 | 3517886
Rlog_3yr | KNN_10 | 53 | 10 | 30054856831 | 7.21374 | 157.997 | 3517886
Rlog_3yr | KNN_10 | 54 | 10 | 57569912149 | 7.21374 | 157.997 | 3517886
Rlog_3yr | KNN_10 | 55 | 10 | 43850913725 | 7.21374 | 157.997 | 3517886
Rlog_3yr | KNN_10 | 56 | 10 | 49648041009 | 7.21374 | 157.997 | 3517886
Rlog_3yr | KNN_10 | 57 | 10 | 34910409926 | 7.21374 | 157.997 | 3517886
Rlog_3yr | KNN_10 | 58 | 10 | 42098055514 | 7.21374 | 157.997 | 3517886
Rlog_3yr | KNN_10 | 59 | 10 | 78568744799 | 7.21374 | 157.997 | 3517886
Rlog_3yr | KNN_10 | 60 | 10 | 44966299095 | 7.21374 | 157.997 | 3517886
Rlog_3yr | KNN_10 | 61 | 10 | 80940831135 | 7.21374 | 157.997 | 3517886
Rlog_3yr | KNN_10 | 62 | 10 | 52147571223 | 7.21374 | 157.997 | 3517886
Rlog_3yr | KNN_10 | 63 | 10 | 30033110852 | 7.21374 | 157.997 | 3517886
Rlog_3yr | KNN_10 | 64 | 10 | 47909224918 | 7.21374 | 157.997 | 3517886
Rlog_3yr | KNN_10 | 65 | 10 | 57590747365 | 7.21374 | 157.997 | 3517886
Rlog_3yr | KNN_10 | 66 | 10 | 92743381674 | 7.21374 | 157.997 | 3517886
Rlog_3yr | KNN_10 | 67 | 10 | 43011429917 | 7.21374 | 157.997 | 3517886
Rlog_3yr | KNN_10 | 68 | 10 | 62311599402 | 7.21374 | 157.997 | 3517886
Rlog_3yr | KNN_10 | 69 | 10 | 59628168691 | 7.21374 | 157.997 | 3517886
Rlog_3yr | KNN_10 | 70 | 10 | 40888670062 | 7.21374 | 157.997 | 3517886
Rlog_3yr | KNN_10 | 71 | 10 | 43155155481 | 7.21374 | 157.997 | 3517886
Rlog_3yr | KNN_10 | 72 | 10 | 46012251365 | 7.21374 | 157.997 | 3517886
Rlog_3yr | KNN_10 | 73 | 10 | 74405649394 | 7.21374 | 157.997 | 3517886
Rlog_3yr | KNN_10 | 74 | 10 | 41081099854 | 7.21374 | 157.997 | 3517886
Rlog_3yr | KNN_10 | 75 | 10 | 40741372976 | 7.21374 | 157.997 | 3517886
Rlog_3yr | KNN_10 | 76 | 10 | 52700590024 | 7.21374 | 157.997 | 3517886
Rlog_3yr | KNN_10 | 77 | 10 | 66678917368 | 7.21374 | 157.997 | 3517886
Rlog_3yr | KNN_10 | 78 | 10 | 50819168540 | 7.21374 | 157.997 | 3517886
Rlog_3yr | KNN_10 | 79 | 10 | 45351125017 | 7.21374 | 157.997 | 3517886
Rlog_3yr | KNN_10 | 80 | 10 | 31998733241 | 7.21374 | 157.997 | 3517886
Rlog_3yr | KNN_10 | 81 | 10 | 59146652784 | 7.21374 | 157.997 | 3517886
Rlog_3yr | KNN_10 | 82 | 10 | 46537022026 | 7.21374 | 157.997 | 3517886
Rlog_3yr | KNN_10 | 83 | 10 | 68017422185 | 7.21374 | 157.997 | 3517886
Rlog_3yr | KNN_10 | 84 | 10 | 71203370930 | 7.21374 | 157.997 | 3517886
Rlog_3yr | KNN_10 | 85 | 10 | 52212233306 | 7.21374 | 157.997 | 3517886
Rlog_3yr | KNN_10 | 86 | 10 | 63757292087 | 7.21374 | 157.997 | 3517886
Rlog_3yr | KNN_10 | 87 | 10 | 39926716432 | 7.21374 | 157.997 | 3517886
Rlog_3yr | KNN_10 | 88 | 10 | 42144733181 | 7.21374 | 157.997 | 3517886
Rlog_3yr | KNN_10 | 89 | 10 | 81198543644 | 7.21374 | 157.997 | 3517886
Rlog_3yr | KNN_10 | 90 | 10 | 62279751891 | 7.21374 | 157.997 | 3517886
Rlog_3yr | KNN_10 | 91 | 10 | 60367665574 | 7.21374 | 157.997 | 3517886
Rlog_3yr | KNN_10 | 92 | 10 | 41449552884 | 7.21374 | 157.997 | 3517886
Rlog_3yr | KNN_10 | 93 | 10 | 46907785446 | 7.21374 | 157.997 | 3517886
Rlog_3yr | KNN_10 | 94 | 10 | 75336998171 | 7.21374 | 157.997 | 3517886
Rlog_3yr | KNN_10 | 95 | 10 | 47023075573 | 7.21374 | 157.997 | 3517886
Rlog_3yr | KNN_10 | 96 | 10 | 39763632644 | 7.21374 | 157.997 | 3517886
Rlog_3yr | KNN_10 | 97 | 10 | 71951361712 | 7.21374 | 157.997 | 3517886
Rlog_3yr | KNN_10 | 98 | 10 | 72211371484 | 7.21374 | 157.997 | 3517886
Rlog_3yr | KNN_10 | 99 | 10 | 46760055798 | 7.21374 | 157.997 | 3517886
Rlog_3yr | KNN_100 | 0 | 100 | 569835054051 | 7.31989 | 157.997 | 3517886
Rlog_3yr | KNN_100 | 1 | 100 | 397636594249 | 7.31989 | 157.997 | 3517886
Rlog_3yr | KNN_100 | 2 | 100 | 641473562595 | 7.31989 | 157.997 | 3517886
Rlog_3yr | KNN_100 | 3 | 100 | 747543013559 | 7.31989 | 157.997 | 3517886
Rlog_3yr | KNN_100 | 4 | 100 | 533961661237 | 7.31989 | 157.997 | 3517886
Rlog_3yr | KNN_100 | 5 | 100 | 346034962643 | 7.31989 | 157.997 | 3517886
Rlog_3yr | KNN_100 | 6 | 100 | 223764795435 | 7.31989 | 157.997 | 3517886
Rlog_3yr | KNN_100 | 7 | 100 | 604955670069 | 7.31989 | 157.997 | 3517886
Rlog_3yr | KNN_100 | 8 | 100 | 654192636533 | 7.31989 | 157.997 | 3517886
Rlog_3yr | KNN_100 | 9 | 100 | 353996475717 | 7.31989 | 157.997 | 3517886
Rlog_3yr | KNN_100 | 10 | 100 | 475297206971 | 7.31989 | 157.997 | 3517886
Rlog_3yr | KNN_100 | 11 | 100 | 557164923131 | 7.31989 | 157.997 | 3517886
Rlog_3yr | KNN_100 | 12 | 100 | 670130104443 | 7.31989 | 157.997 | 3517886
Rlog_3yr | KNN_100 | 13 | 100 | 872930814306 | 7.31989 | 157.997 | 3517886
Rlog_3yr | KNN_100 | 14 | 100 | 762310553826 | 7.31989 | 157.997 | 3517886
Rlog_3yr | KNN_100 | 15 | 100 | 542816543334 | 7.31989 | 157.997 | 3517886
Rlog_3yr | KNN_100 | 16 | 100 | 449898206131 | 7.31989 | 157.997 | 3517886
Rlog_3yr | KNN_100 | 17 | 100 | 726396915075 | 7.31989 | 157.997 | 3517886
Rlog_3yr | KNN_100 | 18 | 100 | 635088297439 | 7.31989 | 157.997 | 3517886
Rlog_3yr | KNN_100 | 19 | 100 | 575426169700 | 7.31989 | 157.997 | 3517886
Rlog_3yr | KNN_100 | 20 | 100 | 586659501197 | 7.31989 | 157.997 | 3517886
Rlog_3yr | KNN_100 | 21 | 100 | 875122223709 | 7.31989 | 157.997 | 3517886
Rlog_3yr | KNN_100 | 22 | 100 | 516876129454 | 7.31989 | 157.997 | 3517886
Rlog_3yr | KNN_100 | 23 | 100 | 628204218042 | 7.31989 | 157.997 | 3517886
Rlog_3yr | KNN_100 | 24 | 100 | 696209087196 | 7.31989 | 157.997 | 3517886
Rlog_3yr | KNN_100 | 25 | 100 | 587446822882 | 7.31989 | 157.997 | 3517886
Rlog_3yr | KNN_100 | 26 | 100 | 879096071234 | 7.31989 | 157.997 | 3517886
Rlog_3yr | KNN_100 | 27 | 100 | 543986075377 | 7.31989 | 157.997 | 3517886
Rlog_3yr | KNN_100 | 28 | 100 | 643113523978 | 7.31989 | 157.997 | 3517886
Rlog_3yr | KNN_100 | 29 | 100 | 360885842808 | 7.31989 | 157.997 | 3517886
Rlog_3yr | KNN_100 | 30 | 100 | 556895774899 | 7.31989 | 157.997 | 3517886
Rlog_3yr | KNN_100 | 31 | 100 | 484276706899 | 7.31989 | 157.997 | 3517886
Rlog_3yr | KNN_100 | 32 | 100 | 400635402216 | 7.31989 | 157.997 | 3517886
Rlog_3yr | KNN_100 | 33 | 100 | 551789658236 | 7.31989 | 157.997 | 3517886
Rlog_3yr | KNN_100 | 34 | 100 | 632186761122 | 7.31989 | 157.997 | 3517886
Rlog_3yr | KNN_100 | 35 | 100 | 388105127749 | 7.31989 | 157.997 | 3517886
Rlog_3yr | KNN_100 | 36 | 100 | 590258153358 | 7.31989 | 157.997 | 3517886
Rlog_3yr | KNN_100 | 37 | 100 | 576396869290 | 7.31989 | 157.997 | 3517886
Rlog_3yr | KNN_100 | 38 | 100 | 528788145099 | 7.31989 | 157.997 | 3517886
Rlog_3yr | KNN_100 | 39 | 100 | 441072136714 | 7.31989 | 157.997 | 3517886
Rlog_3yr | KNN_100 | 40 | 100 | 705475434746 | 7.31989 | 157.997 | 3517886
Rlog_3yr | KNN_100 | 41 | 100 | 486146290714 | 7.31989 | 157.997 | 3517886
Rlog_3yr | KNN_100 | 42 | 100 | 440780707585 | 7.31989 | 157.997 | 3517886
Rlog_3yr | KNN_100 | 43 | 100 | 753164527645 | 7.31989 | 157.997 | 3517886
Rlog_3yr | KNN_100 | 44 | 100 | 690432229246 | 7.31989 | 157.997 | 3517886
Rlog_3yr | KNN_100 | 45 | 100 | 477357068882 | 7.31989 | 157.997 | 3517886
Rlog_3yr | KNN_100 | 46 | 100 | 618428855119 | 7.31989 | 157.997 | 3517886
Rlog_3yr | KNN_100 | 47 | 100 | 600437136847 | 7.31989 | 157.997 | 3517886
Rlog_3yr | KNN_100 | 48 | 100 | 362828916862 | 7.31989 | 157.997 | 3517886
Rlog_3yr | KNN_100 | 49 | 100 | 742847698591 | 7.31989 | 157.997 | 3517886
Rlog_3yr | KNN_100 | 50 | 100 | 622967839877 | 7.31989 | 157.997 | 3517886
Rlog_3yr | KNN_100 | 51 | 100 | 589210335875 | 7.31989 | 157.997 | 3517886
Rlog_3yr | KNN_100 | 52 | 100 | 630765316025 | 7.31989 | 157.997 | 3517886
Rlog_3yr | KNN_100 | 53 | 100 | 607735821639 | 7.31989 | 157.997 | 3517886
Rlog_3yr | KNN_100 | 54 | 100 | 551080154255 | 7.31989 | 157.997 | 3517886
Rlog_3yr | KNN_100 | 55 | 100 | 474680252518 | 7.31989 | 157.997 | 3517886
Rlog_3yr | KNN_100 | 56 | 100 | 695495610032 | 7.31989 | 157.997 | 3517886
Rlog_3yr | KNN_100 | 57 | 100 | 465000784541 | 7.31989 | 157.997 | 3517886
Rlog_3yr | KNN_100 | 58 | 100 | 486426239141 | 7.31989 | 157.997 | 3517886
Rlog_3yr | KNN_100 | 59 | 100 | 439458650841 | 7.31989 | 157.997 | 3517886
Rlog_3yr | KNN_100 | 60 | 100 | 569380180157 | 7.31989 | 157.997 | 3517886
Rlog_3yr | KNN_100 | 61 | 100 | 517461151142 | 7.31989 | 157.997 | 3517886
Rlog_3yr | KNN_100 | 62 | 100 | 614734342476 | 7.31989 | 157.997 | 3517886
Rlog_3yr | KNN_100 | 63 | 100 | 866363912940 | 7.31989 | 157.997 | 3517886
Rlog_3yr | KNN_100 | 64 | 100 | 496314753229 | 7.31989 | 157.997 | 3517886
Rlog_3yr | KNN_100 | 65 | 100 | 573179982280 | 7.31989 | 157.997 | 3517886
Rlog_3yr | KNN_100 | 66 | 100 | 671076546082 | 7.31989 | 157.997 | 3517886
Rlog_3yr | KNN_100 | 67 | 100 | 542122851916 | 7.31989 | 157.997 | 3517886
Rlog_3yr | KNN_100 | 68 | 100 | 797008201049 | 7.31989 | 157.997 | 3517886
Rlog_3yr | KNN_100 | 69 | 100 | 427736511095 | 7.31989 | 157.997 | 3517886
Rlog_3yr | KNN_100 | 70 | 100 | 470405645743 | 7.31989 | 157.997 | 3517886
Rlog_3yr | KNN_100 | 71 | 100 | 620008877544 | 7.31989 | 157.997 | 3517886
Rlog_3yr | KNN_100 | 72 | 100 | 401695672620 | 7.31989 | 157.997 | 3517886
Rlog_3yr | KNN_100 | 73 | 100 | 516512985112 | 7.31989 | 157.997 | 3517886
Rlog_3yr | KNN_100 | 74 | 100 | 797957165613 | 7.31989 | 157.997 | 3517886
Rlog_3yr | KNN_100 | 75 | 100 | 549929407265 | 7.31989 | 157.997 | 3517886
Rlog_3yr | KNN_100 | 76 | 100 | 475537308941 | 7.31989 | 157.997 | 3517886
Rlog_3yr | KNN_100 | 77 | 100 | 721547986656 | 7.31989 | 157.997 | 3517886
Rlog_3yr | KNN_100 | 78 | 100 | 418510691253 | 7.31989 | 157.997 | 3517886
Rlog_3yr | KNN_100 | 79 | 100 | 352200355417 | 7.31989 | 157.997 | 3517886
Rlog_3yr | KNN_100 | 80 | 100 | 485325567911 | 7.31989 | 157.997 | 3517886
Rlog_3yr | KNN_100 | 81 | 100 | 481789005192 | 7.31989 | 157.997 | 3517886
Rlog_3yr | KNN_100 | 82 | 100 | 426564321422 | 7.31989 | 157.997 | 3517886
Rlog_3yr | KNN_100 | 83 | 100 | 822321396624 | 7.31989 | 157.997 | 3517886
Rlog_3yr | KNN_100 | 84 | 100 | 746984972921 | 7.31989 | 157.997 | 3517886
Rlog_3yr | KNN_100 | 85 | 100 | 777988711842 | 7.31989 | 157.997 | 3517886
Rlog_3yr | KNN_100 | 86 | 100 | 574783941162 | 7.31989 | 157.997 | 3517886
Rlog_3yr | KNN_100 | 87 | 100 | 409319339658 | 7.31989 | 157.997 | 3517886
Rlog_3yr | KNN_100 | 88 | 100 | 421105431101 | 7.31989 | 157.997 | 3517886
Rlog_3yr | KNN_100 | 89 | 100 | 221369022307 | 7.31989 | 157.997 | 3517886
Rlog_3yr | KNN_100 | 90 | 100 | 408879073221 | 7.31989 | 157.997 | 3517886
Rlog_3yr | KNN_100 | 91 | 100 | 582465117146 | 7.31989 | 157.997 | 3517886
Rlog_3yr | KNN_100 | 92 | 100 | 486142278346 | 7.31989 | 157.997 | 3517886
Rlog_3yr | KNN_100 | 93 | 100 | 466135739589 | 7.31989 | 157.997 | 3517886
Rlog_3yr | KNN_100 | 94 | 100 | 484525567008 | 7.31989 | 157.997 | 3517886
Rlog_3yr | KNN_100 | 95 | 100 | 510504901832 | 7.31989 | 157.997 | 3517886
Rlog_3yr | KNN_100 | 96 | 100 | 817494761971 | 7.31989 | 157.997 | 3517886
Rlog_3yr | KNN_100 | 97 | 100 | 665897985445 | 7.31989 | 157.997 | 3517886
Rlog_3yr | KNN_100 | 98 | 100 | 352145727001 | 7.31989 | 157.997 | 3517886
Rlog_3yr | KNN_100 | 99 | 100 | 763021037369 | 7.31989 | 157.997 | 3517886
