Algo | QType | QID | Count | Hash | Time_ms | Mem_MB | Nodes
Rlog_NoSnap | Range_Small | 0 | 13 | 77370775039 | 5.98206 | 199.555 | 4009330
Rlog_NoSnap | Range_Small | 1 | 39 | 114525137145 | 5.98206 | 199.555 | 4009330
Rlog_NoSnap | Range_Small | 2 | 22 | 129856243729 | 5.98206 | 199.555 | 4009330
Rlog_NoSnap | Range_Small | 3 | 23 | 125861566061 | 5.98206 | 199.555 | 4009330
Rlog_NoSnap | Range_Small | 4 | 12 | 62231256115 | 5.98206 | 199.555 | 4009330
Rlog_NoSnap | Range_Small | 5 | 8 | 24044512384 | 5.98206 | 199.555 | 4009330
Rlog_NoSnap | Range_Small | 6 | 7 | 30210729085 | 5.98206 | 199.555 | 4009330
Rlog_NoSnap | Range_Small | 7 | 25 | 137139152206 | 5.98206 | 199.555 | 4009330
Rlog_NoSnap | Range_Small | 8 | 20 | 69205439825 | 5.98206 | 199.555 | 4009330
Rlog_NoSnap | Range_Small | 9 | 22 | 111590590455 | 5.98206 | 199.555 | 4009330
Rlog_NoSnap | Range_Small | 10 | 5 | 10444192042 | 5.98206 | 199.555 | 4009330
Rlog_NoSnap | Range_Small | 11 | 159 | 1224908840390 | 5.98206 | 199.555 | 4009330
Rlog_NoSnap | Range_Small | 12 | 27 | 152094047076 | 5.98206 | 199.555 | 4009330
Rlog_NoSnap | Range_Small | 13 | 64 | 498902711018 | 5.98206 | 199.555 | 4009330
Rlog_NoSnap | Range_Small | 14 | 9 | 62398590491 | 5.98206 | 199.555 | 4009330
Rlog_NoSnap | Range_Small | 15 | 11 | 67380626347 | 5.98206 | 199.555 | 4009330
Rlog_NoSnap | Range_Small | 16 | 17 | 94167736767 | 5.98206 | 199.555 | 4009330
Rlog_NoSnap | Range_Small | 17 | 17 | 54936443278 | 5.98206 | 199.555 | 4009330
Rlog_NoSnap | Range_Small | 18 | 91 | 300755550064 | 5.98206 | 199.555 | 4009330
Rlog_NoSnap | Range_Small | 19 | 11 | 49462926783 | 5.98206 | 199.555 | 4009330
Rlog_NoSnap | Range_Small | 20 | 40 | 276082178268 | 5.98206 | 199.555 | 4009330
Rlog_NoSnap | Range_Small | 21 | 8 | 20530185936 | 5.98206 | 199.555 | 4009330
Rlog_NoSnap | Range_Small | 22 | 15 | 121533916642 | 5.98206 | 199.555 | 4009330
Rlog_NoSnap | Range_Small | 23 | 41 | 316751500055 | 5.98206 | 199.555 | 4009330
Rlog_NoSnap | Range_Small | 24 | 24 | 85875862369 | 5.98206 | 199.555 | 4009330
Rlog_NoSnap | Range_Small | 25 | 23 | 109186965647 | 5.98206 | 199.555 | 4009330
Rlog_NoSnap | Range_Small | 26 | 19 | 86547374841 | 5.98206 | 199.555 | 4009330
Rlog_NoSnap | Range_Small | 27 | 17 | 135957155180 | 5.98206 | 199.555 | 4009330
Rlog_NoSnap | Range_Small | 28 | 19 | 76366734289 | 5.98206 | 199.555 | 4009330
Rlog_NoSnap | Range_Small | 29 | 6 | 39220518399 | 5.98206 | 199.555 | 4009330
Rlog_NoSnap | Range_Small | 30 | 24 | 119721156575 | 5.98206 | 199.555 | 4009330
Rlog_NoSnap | Range_Small | 31 | 9 | 38807608900 | 5.98206 | 199.555 | 4009330
Rlog_NoSnap | Range_Small | 32 | 43 | 326466680123 | 5.98206 | 199.555 | 4009330
Rlog_NoSnap | Range_Small | 33 | 43 | 197983429584 | 5.98206 | 199.555 | 4009330
Rlog_NoSnap | Range_Small | 34 | 47 | 335607728439 | 5.98206 | 199.555 | 4009330
Rlog_NoSnap | Range_Small | 35 | 26 | 119038116735 | 5.98206 | 199.555 | 4009330
Rlog_NoSnap | Range_Small | 36 | 26 | 144321353783 | 5.98206 | 199.555 | 4009330
Rlog_NoSnap | Range_Small | 37 | 7 | 27834564444 | 5.98206 | 199.555 | 4009330
Rlog_NoSnap | Range_Small | 38 | 22 | 93085338743 | 5.98206 | 199.555 | 4009330
Rlog_NoSnap | Range_Small | 39 | 23 | 144058810345 | 5.98206 | 199.555 | 4009330
Rlog_NoSnap | Range_Small | 40 | 9 | 65014688263 | 5.98206 | 199.555 | 4009330
Rlog_NoSnap | Range_Small | 41 | 30 | 236699744426 | 5.98206 | 199.555 | 4009330
Rlog_NoSnap | Range_Small | 42 | 20 | 144042841331 | 5.98206 | 199.555 | 4009330
Rlog_NoSnap | Range_Small | 43 | 26 | 109746726127 | 5.98206 | 199.555 | 4009330
Rlog_NoSnap | Range_Small | 44 | 17 | 118507044284 | 5.98206 | 199.555 | 4009330
Rlog_NoSnap | Range_Small | 45 | 421 | 3596916433530 | 5.98206 | 199.555 | 4009330
Rlog_NoSnap | Range_Small | 46 | 13 | 55049055046 | 5.98206 | 199.555 | 4009330
Rlog_NoSnap | Range_Small | 47 | 17 | 67184759025 | 5.98206 | 199.555 | 4009330
Rlog_NoSnap | Range_Small | 48 | 198 | 1993098198593 | 5.98206 | 199.555 | 4009330
Rlog_NoSnap | Range_Small | 49 | 30 | 213510504440 | 5.98206 | 199.555 | 4009330
Rlog_NoSnap | Range_Small | 50 | 28 | 180664455452 | 5.98206 | 199.555 | 4009330
Rlog_NoSnap | Range_Small | 51 | 42 | 278060651999 | 5.98206 | 199.555 | 4009330
Rlog_NoSnap | Range_Small | 52 | 27 | 113726440350 | 5.98206 | 199.555 | 4009330
Rlog_NoSnap | Range_Small | 53 | 33 | 234478734443 | 5.98206 | 199.555 | 4009330
Rlog_NoSnap | Range_Small | 54 | 261 | 2512873875977 | 5.98206 | 199.555 | 4009330
Rlog_NoSnap | Range_Small | 55 | 45 | 292569973122 | 5.98206 | 199.555 | 4009330
Rlog_NoSnap | Range_Small | 56 | 74 | 690193354441 | 5.98206 | 199.555 | 4009330
Rlog_NoSnap | Range_Small | 57 | 9 | 39700892006 | 5.98206 | 199.555 | 4009330
Rlog_NoSnap | Range_Small | 58 | 9 | 70594327845 | 5.98206 | 199.555 | 4009330
Rlog_NoSnap | Range_Small | 59 | 12 | 77427663192 | 5.98206 | 199.555 | 4009330
Rlog_NoSnap | Range_Small | 60 | 14 | 82032329885 | 5.98206 | 199.555 | 4009330
Rlog_NoSnap | Range_Small | 61 | 72 | 610685637097 | 5.98206 | 199.555 | 4009330
Rlog_NoSnap | Range_Small | 62 | 35 | 222736003842 | 5.98206 | 199.555 | 4009330
Rlog_NoSnap | Range_Small | 63 | 12 | 67037267883 | 5.98206 | 199.555 | 4009330
Rlog_NoSnap | Range_Small | 64 | 23 | 160937214155 | 5.98206 | 199.555 | 4009330
Rlog_NoSnap | Range_Small | 65 | 29 | 175744685654 | 5.98206 | 199.555 | 4009330
Rlog_NoSnap | Range_Small | 66 | 16 | 114527890192 | 5.98206 | 199.555 | 4009330
Rlog_NoSnap | Range_Small | 67 | 24 | 79451503086 | 5.98206 | 199.555 | 4009330
Rlog_NoSnap | Range_Small | 68 | 12 | 62455255635 | 5.98206 | 199.555 | 4009330
Rlog_NoSnap | Range_Small | 69 | 28 | 118567150726 | 5.98206 | 199.555 | 4009330
Rlog_NoSnap | Range_Small | 70 | 23 | 96914505325 | 5.98206 | 199.555 | 4009330
Rlog_NoSnap | Range_Small | 71 | 10 | 45787739933 | 5.98206 | 199.555 | 4009330
Rlog_NoSnap | Range_Small | 72 | 8 | 34163189116 | 5.98206 | 199.555 | 4009330
Rlog_NoSnap | Range_Small | 73 | 58 | 391857979366 | 5.98206 | 199.555 | 4009330
Rlog_NoSnap | Range_Small | 74 | 21 | 115889080538 | 5.98206 | 199.555 | 4009330
Rlog_NoSnap | Range_Small | 75 | 193 | 1755647993200 | 5.98206 | 199.555 | 4009330
Rlog_NoSnap | Range_Small | 76 | 57 | 373217383685 | 5.98206 | 199.555 | 4009330
Rlog_NoSnap | Range_Small | 77 | 6 | 36791632285 | 5.98206 | 199.555 | 4009330
Rlog_NoSnap | Range_Small | 78 | 14 | 64679200958 | 5.98206 | 199.555 | 4009330
Rlog_NoSnap | Range_Small | 79 | 7 | 29419315026 | 5.98206 | 199.555 | 4009330
Rlog_NoSnap | Range_Small | 80 | 49 | 320907637658 | 5.98206 | 199.555 | 4009330
Rlog_NoSnap | Range_Small | 81 | 19 | 76911222342 | 5.98206 | 199.555 | 4009330
Rlog_NoSnap | Range_Small | 82 | 26 | 180448329139 | 5.98206 | 199.555 | 4009330
Rlog_NoSnap | Range_Small | 83 | 6 | 25235680887 | 5.98206 | 199.555 | 4009330
Rlog_NoSnap | Range_Small | 84 | 12 | 75262948400 | 5.98206 | 199.555 | 4009330
Rlog_NoSnap | Range_Small | 85 | 12 | 75701376608 | 5.98206 | 199.555 | 4009330
Rlog_NoSnap | Range_Small | 86 | 22 | 102617147316 | 5.98206 | 199.555 | 4009330
Rlog_NoSnap | Range_Small | 87 | 52 | 420258724433 | 5.98206 | 199.555 | 4009330
Rlog_NoSnap | Range_Small | 88 | 68 | 444090789253 | 5.98206 | 199.555 | 4009330
Rlog_NoSnap | Range_Small | 89 | 16 | 67378291398 | 5.98206 | 199.555 | 4009330
Rlog_NoSnap | Range_Small | 90 | 7 | 54446188559 | 5.98206 | 199.555 | 4009330
Rlog_NoSnap | Range_Small | 91 | 39 | 123941598136 | 5.98206 | 199.555 | 4009330
Rlog_NoSnap | Range_Small | 92 | 97 | 788216769559 | 5.98206 | 199.555 | 4009330
Rlog_NoSnap | Range_Small | 93 | 95 | 888546835556 | 5.98206 | 199.555 | 4009330
Rlog_NoSnap | Range_Small | 94 | 938 | 8286210346609 | 5.98206 | 199.555 | 4009330
Rlog_NoSnap | Range_Small | 95 | 21 | 86874649910 | 5.98206 | 199.555 | 4009330
Rlog_NoSnap | Range_Small | 96 | 17 | 95793647740 | 5.98206 | 199.555 | 4009330
Rlog_NoSnap | Range_Small | 97 | 15 | 48307626664 | 5.98206 | 199.555 | 4009330
Rlog_NoSnap | Range_Small | 98 | 5 | 24701734710 | 5.98206 | 199.555 | 4009330
Rlog_NoSnap | Range_Small | 99 | 13 | 81801958022 | 5.98206 | 199.555 | 4009330
Rlog_NoSnap | Range_Med | 0 | 398 | 3374654384105 | 6.02255 | 198.098 | 4009330
Rlog_NoSnap | Range_Med | 1 | 597 | 3372751969527 | 6.02255 | 198.098 | 4009330
Rlog_NoSnap | Range_Med | 2 | 1172 | 9850401987632 | 6.02255 | 198.098 | 4009330
Rlog_NoSnap | Range_Med | 3 | 2764 | 23675143764724 | 6.02255 | 198.098 | 4009330
Rlog_NoSnap | Range_Med | 4 | 1476 | 10513729292623 | 6.02255 | 198.098 | 4009330
Rlog_NoSnap | Range_Med | 5 | 259 | 1392249812552 | 6.02255 | 198.098 | 4009330
Rlog_NoSnap | Range_Med | 6 | 1657 | 14692432068357 | 6.02255 | 198.098 | 4009330
Rlog_NoSnap | Range_Med | 7 | 5897 | 47488829284485 | 6.02255 | 198.098 | 4009330
Rlog_NoSnap | Range_Med | 8 | 318 | 1898885805330 | 6.02255 | 198.098 | 4009330
Rlog_NoSnap | Range_Med | 9 | 148 | 953069041803 | 6.02255 | 198.098 | 4009330
Rlog_NoSnap | Range_Med | 10 | 8834 | 76791772726658 | 6.02255 | 198.098 | 4009330
Rlog_NoSnap | Range_Med | 11 | 253 | 2121255826620 | 6.02255 | 198.098 | 4009330
Rlog_NoSnap | Range_Med | 12 | 1725 | 12478576976907 | 6.02255 | 198.098 | 4009330
Rlog_NoSnap | Range_Med | 13 | 13289 | 122857637720514 | 6.02255 | 198.098 | 4009330
Rlog_NoSnap | Range_Med | 14 | 863 | 5315628804962 | 6.02255 | 198.098 | 4009330
Rlog_NoSnap | Range_Med | 15 | 851 | 4508860839955 | 6.02255 | 198.098 | 4009330
Rlog_NoSnap | Range_Med | 16 | 802 | 3870229672608 | 6.02255 | 198.098 | 4009330
Rlog_NoSnap | Range_Med | 17 | 212 | 1094747251279 | 6.02255 | 198.098 | 4009330
Rlog_NoSnap | Range_Med | 18 | 2324 | 18288056719026 | 6.02255 | 198.098 | 4009330
Rlog_NoSnap | Range_Med | 19 | 606 | 3085479772128 | 6.02255 | 198.098 | 4009330
Rlog_NoSnap | Range_Med | 20 | 1225 | 7589729199800 | 6.02255 | 198.098 | 4009330
Rlog_NoSnap | Range_Med | 21 | 1757 | 13558623862404 | 6.02255 | 198.098 | 4009330
Rlog_NoSnap | Range_Med | 22 | 328 | 2372584712075 | 6.02255 | 198.098 | 4009330
Rlog_NoSnap | Range_Med | 23 | 881 | 8573071699359 | 6.02255 | 198.098 | 4009330
Rlog_NoSnap | Range_Med | 24 | 572 | 4271048784025 | 6.02255 | 198.098 | 4009330
Rlog_NoSnap | Range_Med | 25 | 2877 | 21884172659510 | 6.02255 | 198.098 | 4009330
Rlog_NoSnap | Range_Med | 26 | 3494 | 28740377796038 | 6.02255 | 198.098 | 4009330
Rlog_NoSnap | Range_Med | 27 | 1521 | 10875458490989 | 6.02255 | 198.098 | 4009330
Rlog_NoSnap | Range_Med | 28 | 34 | 119748120536 | 6.02255 | 198.098 | 4009330
Rlog_NoSnap | Range_Med | 29 | 7216 | 72549297150059 | 6.02255 | 198.098 | 4009330
Rlog_NoSnap | Range_Med | 30 | 484 | 2683360675025 | 6.02255 | 198.098 | 4009330
Rlog_NoSnap | Range_Med | 31 | 273 | 1812781149404 | 6.02255 | 198.098 | 4009330
Rlog_NoSnap | Range_Med | 32 | 122 | 489676504281 | 6.02255 | 198.098 | 4009330
Rlog_NoSnap | Range_Med | 33 | 944 | 8041655026557 | 6.02255 | 198.098 | 4009330
Rlog_NoSnap | Range_Med | 34 | 793 | 3194608426890 | 6.02255 | 198.098 | 4009330
Rlog_NoSnap | Range_Med | 35 | 326 | 1585600182301 | 6.02255 | 198.098 | 4009330
Rlog_NoSnap | Range_Med | 36 | 1390 | 11205662761406 | 6.02255 | 198.098 | 4009330
Rlog_NoSnap | Range_Med | 37 | 802 | 4489969507745 | 6.02255 | 198.098 | 4009330
Rlog_NoSnap | Range_Med | 38 | 424 | 2345957671956 | 6.02255 | 198.098 | 4009330
Rlog_NoSnap | Range_Med | 39 | 1218 | 6700931381197 | 6.02255 | 198.098 | 4009330
Rlog_NoSnap | Range_Med | 40 | 3617 | 27515308976486 | 6.02255 | 198.098 | 4009330
Rlog_NoSnap | Range_Med | 41 | 1857 | 16104214339416 | 6.02255 | 198.098 | 4009330
Rlog_NoSnap | Range_Med | 42 | 1007 | 6764862922611 | 6.02255 | 198.098 | 4009330
Rlog_NoSnap | Range_Med | 43 | 287 | 1143165483202 | 6.02255 | 198.098 | 4009330
Rlog_NoSnap | Range_Med | 44 | 850 | 6741167630821 | 6.02255 | 198.098 | 4009330
Rlog_NoSnap | Range_Med | 45 | 473 | 3701232757183 | 6.02255 | 198.098 | 4009330
Rlog_NoSnap | Range_Med | 46 | 577 | 2544806978172 | 6.02255 | 198.098 | 4009330
Rlog_NoSnap | Range_Med | 47 | 437 | 1854859526811 | 6.02255 | 198.098 | 4009330
Rlog_NoSnap | Range_Med | 48 | 70 | 221325786961 | 6.02255 | 198.098 | 4009330
Rlog_NoSnap | Range_Med | 49 | 640 | 4799055700555 | 6.02255 | 198.098 | 4009330
Rlog_NoSnap | Range_Med | 50 | 1275 | 9849965202564 | 6.02255 | 198.098 | 4009330
Rlog_NoSnap | Range_Med | 51 | 281 | 1682582894151 | 6.02255 | 198.098 | 4009330
Rlog_NoSnap | Range_Med | 52 | 444 | 3627115996528 | 6.02255 | 198.098 | 4009330
Rlog_NoSnap | Range_Med | 53 | 520 | 3000943689140 | 6.02255 | 198.098 | 4009330
Rlog_NoSnap | Range_Med | 54 | 9471 | 82302184759992 | 6.02255 | 198.098 | 4009330
Rlog_NoSnap | Range_Med | 55 | 367 | 2421720344360 | 6.02255 | 198.098 | 4009330
Rlog_NoSnap | Range_Med | 56 | 1028 | 5468472836713 | 6.02255 | 198.098 | 4009330
Rlog_NoSnap | Range_Med | 57 | 669 | 2840942766898 | 6.02255 | 198.098 | 4009330
Rlog_NoSnap | Range_Med | 58 | 742 | 6598489212427 | 6.02255 | 198.098 | 4009330
Rlog_NoSnap | Range_Med | 59 | 3729 | 32873692316811 | 6.02255 | 198.098 | 4009330
Rlog_NoSnap | Range_Med | 60 | 357 | 1797920798542 | 6.02255 | 198.098 | 4009330
Rlog_NoSnap | Range_Med | 61 | 1220 | 10249423430565 | 6.02255 | 198.098 | 4009330
Rlog_NoSnap | Range_Med | 62 | 2186 | 17467117558977 | 6.02255 | 198.098 | 4009330
Rlog_NoSnap | Range_Med | 63 | 2198 | 19143075184559 | 6.02255 | 198.098 | 4009330
Rlog_NoSnap | Range_Med | 64 | 1236 | 10443717385918 | 6.02255 | 198.098 | 4009330
Rlog_NoSnap | Range_Med | 65 | 986 | 5467721717877 | 6.02255 | 198.098 | 4009330
Rlog_NoSnap | Range_Med | 66 | 727 | 4920882117871 | 6.02255 | 198.098 | 4009330
Rlog_NoSnap | Range_Med | 67 | 360 | 2681544996807 | 6.02255 | 198.098 | 4009330
Rlog_NoSnap | Range_Med | 68 | 874 | 8988607316386 | 6.02255 | 198.098 | 4009330
Rlog_NoSnap | Range_Med | 69 | 693 | 4040636954371 | 6.02255 | 198.098 | 4009330
Rlog_NoSnap | Range_Med | 70 | 1121 | 7249280438156 | 6.02255 | 198.098 | 4009330
Rlog_NoSnap | Range_Med | 71 | 49 | 240273822199 | 6.02255 | 198.098 | 4009330
Rlog_NoSnap | Range_Med | 72 | 569 | 3965285963142 | 6.02255 | 198.098 | 4009330
Rlog_NoSnap | Range_Med | 73 | 215 | 925655782347 | 6.02255 | 198.098 | 4009330
Rlog_NoSnap | Range_Med | 74 | 993 | 5781748711169 | 6.02255 | 198.098 | 4009330
Rlog_NoSnap | Range_Med | 75 | 288 | 2128352121093 | 6.02255 | 198.098 | 4009330
Rlog_NoSnap | Range_Med | 76 | 570 | 2402796432035 | 6.02255 | 198.098 | 4009330
Rlog_NoSnap | Range_Med | 77 | 1355 | 7687729135661 | 6.02255 | 198.098 | 4009330
Rlog_NoSnap | Range_Med | 78 | 18919 | 165404593744304 | 6.02255 | 198.098 | 4009330
Rlog_NoSnap | Range_Med | 79 | 512 | 4588321017675 | 6.02255 | 198.098 | 4009330
Rlog_NoSnap | Range_Med | 80 | 1311 | 10891582664717 | 6.02255 | 198.098 | 4009330
Rlog_NoSnap | Range_Med | 81 | 1140 | 9525279136870 | 6.02255 | 198.098 | 4009330
Rlog_NoSnap | Range_Med | 82 | 4800 | 44316850236564 | 6.02255 | 198.098 | 4009330
Rlog_NoSnap | Range_Med | 83 | 7581 | 66575189821812 | 6.02255 | 198.098 | 4009330
Rlog_NoSnap | Range_Med | 84 | 388 | 2605077485981 | 6.02255 | 198.098 | 4009330
Rlog_NoSnap | Range_Med | 85 | 2519 | 21467817839343 | 6.02255 | 198.098 | 4009330
Rlog_NoSnap | Range_Med | 86 | 822 | 6368690312158 | 6.02255 | 198.098 | 4009330
Rlog_NoSnap | Range_Med | 87 | 1927 | 14003358716587 | 6.02255 | 198.098 | 4009330
Rlog_NoSnap | Range_Med | 88 | 593 | 3133780343308 | 6.02255 | 198.098 | 4009330
Rlog_NoSnap | Range_Med | 89 | 1219 | 10140779445850 | 6.02255 | 198.098 | 4009330
Rlog_NoSnap | Range_Med | 90 | 117 | 899589426657 | 6.02255 | 198.098 | 4009330
Rlog_NoSnap | Range_Med | 91 | 1498 | 10883994535948 | 6.02255 | 198.098 | 4009330
Rlog_NoSnap | Range_Med | 92 | 2318 | 18253729003472 | 6.02255 | 198.098 | 4009330
Rlog_NoSnap | Range_Med | 93 | 1399 | 10257596609932 | 6.02255 | 198.098 | 4009330
Rlog_NoSnap | Range_Med | 94 | 1038 | 8149212316848 | 6.02255 | 198.098 | 4009330
Rlog_NoSnap | Range_Med | 95 | 6591 | 61801148728975 | 6.02255 | 198.098 | 4009330
Rlog_NoSnap | Range_Med | 96 | 4293 | 39346457514839 | 6.02255 | 198.098 | 4009330
Rlog_NoSnap | Range_Med | 97 | 2060 | 16878287885482 | 6.02255 | 198.098 | 4009330
Rlog_NoSnap | Range_Med | 98 | 4016 | 33925920043661 | 6.02255 | 198.098 | 4009330
Rlog_NoSnap | Range_Med | 99 | 2047 | 15810093998592 | 6.02255 | 198.098 | 4009330
Rlog_NoSnap | Range_Large | 0 | 2677 | 15019869938141 | 6.12485 | 200.57 | 4009330
Rlog_NoSnap | Range_Large | 1 | 1360 | 8857178122985 | 6.12485 | 200.57 | 4009330
Rlog_NoSnap | Range_Large | 2 | 5695 | 49013828815236 | 6.12485 | 200.57 | 4009330
Rlog_NoSnap | Range_Large | 3 | 5661 | 39985911589412 | 6.12485 | 200.57 | 4009330
Rlog_NoSnap | Range_Large | 4 | 6230 | 47615013759333 | 6.12485 | 200.57 | 4009330
Rlog_NoSnap | Range_Large | 5 | 895 | 3922673515062 | 6.12485 | 200.57 | 4009330
Rlog_NoSnap | Range_Large | 6 | 1284 | 6370473296228 | 6.12485 | 200.57 | 4009330
Rlog_NoSnap | Range_Large | 7 | 19750 | 171908416894920 | 6.12485 | 200.57 | 4009330
Rlog_NoSnap | Range_Large | 8 | 4130 | 33223091056357 | 6.12485 | 200.57 | 4009330
Rlog_NoSnap | Range_Large | 9 | 3855 | 32653077207110 | 6.12485 | 200.57 | 4009330
Rlog_NoSnap | Range_Large | 10 | 2908 | 16687672169729 | 6.12485 | 200.57 | 4009330
Rlog_NoSnap | Range_Large | 11 | 4675 | 30207233951441 | 6.12485 | 200.57 | 4009330
Rlog_NoSnap | Range_Large | 12 | 11855 | 94857859112979 | 6.12485 | 200.57 | 4009330
Rlog_NoSnap | Range_Large | 13 | 3863 | 22683938432218 | 6.12485 | 200.57 | 4009330
Rlog_NoSnap | Range_Large | 14 | 8684 | 67877730505519 | 6.12485 | 200.57 | 4009330
Rlog_NoSnap | Range_Large | 15 | 1597 | 8378547601133 | 6.12485 | 200.57 | 4009330
Rlog_NoSnap | Range_Large | 16 | 7578 | 59962219270280 | 6.12485 | 200.57 | 4009330
Rlog_NoSnap | Range_Large | 17 | 6747 | 41622540222545 | 6.12485 | 200.57 | 4009330
Rlog_NoSnap | Range_Large | 18 | 13444 | 106476150749642 | 6.12485 | 200.57 | 4009330
Rlog_NoSnap | Range_Large | 19 | 19238 | 153396777710898 | 6.12485 | 200.57 | 4009330
Rlog_NoSnap | Range_Large | 20 | 9246 | 79419075823679 | 6.12485 | 200.57 | 4009330
Rlog_NoSnap | Range_Large | 21 | 31291 | 281220328184642 | 6.12485 | 200.57 | 4009330
Rlog_NoSnap | Range_Large | 22 | 1822 | 12450827549057 | 6.12485 | 200.57 | 4009330
Rlog_NoSnap | Range_Large | 23 | 6721 | 60263345779321 | 6.12485 | 200.57 | 4009330
Rlog_NoSnap | Range_Large | 24 | 9180 | 73343401771580 | 6.12485 | 200.57 | 4009330
Rlog_NoSnap | Range_Large | 25 | 3185 | 23129532726072 | 6.12485 | 200.57 | 4009330
Rlog_NoSnap | Range_Large | 26 | 14814 | 93012326995304 | 6.12485 | 200.57 | 4009330
Rlog_NoSnap | Range_Large | 27 | 2074 | 12294857279096 | 6.12485 | 200.57 | 4009330
Rlog_NoSnap | Range_Large | 28 | 27253 | 232820255308389 | 6.12485 | 200.57 | 4009330
Rlog_NoSnap | Range_Large | 29 | 32820 | 272926473918177 | 6.12485 | 200.57 | 4009330
Rlog_NoSnap | Range_Large | 30 | 3664 | 19311252461691 | 6.12485 | 200.57 | 4009330
Rlog_NoSnap | Range_Large | 31 | 14707 | 139605953930119 | 6.12485 | 200.57 | 4009330
Rlog_NoSnap | Range_Large | 32 | 3532 | 23608912985973 | 6.12485 | 200.57 | 4009330
Rlog_NoSnap | Range_Large | 33 | 28295 | 246276672958156 | 6.12485 | 200.57 | 4009330
Rlog_NoSnap | Range_Large | 34 | 1763 | 10024010615225 | 6.12485 | 200.57 | 4009330
Rlog_NoSnap | Range_Large | 35 | 4215 | 25655999065118 | 6.12485 | 200.57 | 4009330
Rlog_NoSnap | Range_Large | 36 | 4409 | 30805075571711 | 6.12485 | 200.57 | 4009330
Rlog_NoSnap | Range_Large | 37 | 4656 | 39624027902878 | 6.12485 | 200.57 | 4009330
Rlog_NoSnap | Range_Large | 38 | 25327 | 232526104298351 | 6.12485 | 200.57 | 4009330
Rlog_NoSnap | Range_Large | 39 | 10537 | 96894524512637 | 6.12485 | 200.57 | 4009330
Rlog_NoSnap | Range_Large | 40 | 4797 | 28048837253724 | 6.12485 | 200.57 | 4009330
Rlog_NoSnap | Range_Large | 41 | 15130 | 126495539495954 | 6.12485 | 200.57 | 4009330
Rlog_NoSnap | Range_Large | 42 | 111088 | 992051815795887 | 6.12485 | 200.57 | 4009330
Rlog_NoSnap | Range_Large | 43 | 7028 | 59742086785407 | 6.12485 | 200.57 | 4009330
Rlog_NoSnap | Range_Large | 44 | 923 | 6200787019656 | 6.12485 | 200.57 | 4009330
Rlog_NoSnap | Range_Large | 45 | 3182 | 13888897250414 | 6.12485 | 200.57 | 4009330
Rlog_NoSnap | Range_Large | 46 | 12722 | 107995994720476 | 6.12485 | 200.57 | 4009330
Rlog_NoSnap | Range_Large | 47 | 23189 | 199923424010889 | 6.12485 | 200.57 | 4009330
Rlog_NoSnap | Range_Large | 48 | 16517 | 144829941952608 | 6.12485 | 200.57 | 4009330
Rlog_NoSnap | Range_Large | 49 | 6997 | 44383164603067 | 6.12485 | 200.57 | 4009330
Rlog_NoSnap | Range_Large | 50 | 6704 | 54527243202705 | 6.12485 | 200.57 | 4009330
Rlog_NoSnap | Range_Large | 51 | 3386 | 23509823208137 | 6.12485 | 200.57 | 4009330
Rlog_NoSnap | Range_Large | 52 | 3889 | 20695388418904 | 6.12485 | 200.57 | 4009330
Rlog_NoSnap | Range_Large | 53 | 2055 | 11423171829390 | 6.12485 | 200.57 | 4009330
Rlog_NoSnap | Range_Large | 54 | 1389 | 6198790428680 | 6.12485 | 200.57 | 4009330
Rlog_NoSnap | Range_Large | 55 | 2702 | 13150707237759 | 6.12485 | 200.57 | 4009330
Rlog_NoSnap | Range_Large | 56 | 33572 | 299227806134033 | 6.12485 | 200.57 | 4009330
Rlog_NoSnap | Range_Large | 57 | 3633 | 21686872936550 | 6.12485 | 200.57 | 4009330
Rlog_NoSnap | Range_Large | 58 | 2633 | 13066978702052 | 6.12485 | 200.57 | 4009330
Rlog_NoSnap | Range_Large | 59 | 6751 | 53271206337329 | 6.12485 | 200.57 | 4009330
Rlog_NoSnap | Range_Large | 60 | 10179 | 82560174438617 | 6.12485 | 200.57 | 4009330
Rlog_NoSnap | Range_Large | 61 | 8431 | 65449165781265 | 6.12485 | 200.57 | 4009330
Rlog_NoSnap | Range_Large | 62 | 1897 | 10692843889378 | 6.12485 | 200.57 | 4009330
Rlog_NoSnap | Range_Large | 63 | 34451 | 313099795862034 | 6.12485 | 200.57 | 4009330
Rlog_NoSnap | Range_Large | 64 | 11536 | 84668663507615 | 6.12485 | 200.57 | 4009330
Rlog_NoSnap | Range_Large | 65 | 3590 | 18398003834800 | 6.12485 | 200.57 | 4009330
Rlog_NoSnap | Range_Large | 66 | 12825 | 102313341996126 | 6.12485 | 200.57 | 4009330
Rlog_NoSnap | Range_Large | 67 | 53439 | 501967553048692 | 6.12485 | 200.57 | 4009330
Rlog_NoSnap | Range_Large | 68 | 15616 | 133986459233005 | 6.12485 | 200.57 | 4009330
Rlog_NoSnap | Range_Large | 69 | 8417 | 70736192230788 | 6.12485 | 200.57 | 4009330
Rlog_NoSnap | Range_Large | 70 | 3399 | 16342145478155 | 6.12485 | 200.57 | 4009330
Rlog_NoSnap | Range_Large | 71 | 5003 | 29159187768482 | 6.12485 | 200.57 | 4009330
Rlog_NoSnap | Range_Large | 72 | 26967 | 238309811613835 | 6.12485 | 200.57 | 4009330
Rlog_NoSnap | Range_Large | 73 | 4139 | 17473399345049 | 6.12485 | 200.57 | 4009330
Rlog_NoSnap | Range_Large | 74 | 2769 | 13470305259219 | 6.12485 | 200.57 | 4009330
Rlog_NoSnap | Range_Large | 75 | 13223 | 109111820268301 | 6.12485 | 200.57 | 4009330
Rlog_NoSnap | Range_Large | 76 | 19809 | 178440983865969 | 6.12485 | 200.57 | 4009330
Rlog_NoSnap | Range_Large | 77 | 17824 | 149964783036111 | 6.12485 | 200.57 | 4009330
Rlog_NoSnap | Range_Large | 78 | 2716 | 11941705233150 | 6.12485 | 200.57 | 4009330
Rlog_NoSnap | Range_Large | 79 | 6301 | 39456340935581 | 6.12485 | 200.57 | 4009330
Rlog_NoSnap | Range_Large | 80 | 21344 | 176784576545244 | 6.12485 | 200.57 | 4009330
Rlog_NoSnap | Range_Large | 81 | 13006 | 105401188519304 | 6.12485 | 200.57 | 4009330
Rlog_NoSnap | Range_Large | 82 | 8823 | 56360579582800 | 6.12485 | 200.57 | 4009330
Rlog_NoSnap | Range_Large | 83 | 2965 | 24867357891965 | 6.12485 | 200.57 | 4009330
Rlog_NoSnap | Range_Large | 84 | 6556 | 51859115488165 | 6.12485 | 200.57 | 4009330
Rlog_NoSnap | Range_Large | 85 | 2009 | 15938178382211 | 6.12485 | 200.57 | 4009330
Rlog_NoSnap | Range_Large | 86 | 4386 | 31177023538235 | 6.12485 | 200.57 | 4009330
Rlog_NoSnap | Range_Large | 87 | 4268 | 33805339574678 | 6.12485 | 200.57 | 4009330
Rlog_NoSnap | Range_Large | 88 | 8799 | 79398507695731 | 6.12485 | 200.57 | 4009330
Rlog_NoSnap | Range_Large | 89 | 14004 | 121771132947533 | 6.12485 | 200.57 | 4009330
Rlog_NoSnap | Range_Large | 90 | 2639 | 19336097422019 | 6.12485 | 200.57 | 4009330
Rlog_NoSnap | Range_Large | 91 | 19824 | 189371133400263 | 6.12485 | 200.57 | 4009330
Rlog_NoSnap | Range_Large | 92 | 5994 | 43599404912319 | 6.12485 | 200.57 | 4009330
Rlog_NoSnap | Range_Large | 93 | 8937 | 80715669149359 | 6.12485 | 200.57 | 4009330
Rlog_NoSnap | Range_Large | 94 | 2343 | 16542805385340 | 6.12485 | 200.57 | 4009330
Rlog_NoSnap | Range_Large | 95 | 20922 | 179799170600990 | 6.12485 | 200.57 | 4009330
Rlog_NoSnap | Range_Large | 96 | 17349 | 147024250869673 | 6.12485 | 200.57 | 4009330
Rlog_NoSnap | Range_Large | 97 | 1548 | 9720954177235 | 6.12485 | 200.57 | 4009330
Rlog_NoSnap | Range_Large | 98 | 4214 | 28799616583281 | 6.12485 | 200.57 | 4009330
Rlog_NoSnap | Range_Large | 99 | 2857 | 21459320939608 | 6.12485 | 200.57 | 4009330
Rlog_NoSnap | KNN_1 | 0 | 1 | 4237350808 | 8.41174 | 200.57 | 4009330
Rlog_NoSnap | KNN_1 | 1 | 1 | 6036673260 | 8.41174 | 200.57 | 4009330
Rlog_NoSnap | KNN_1 | 2 | 1 | 4700091315 | 8.41174 | 200.57 | 4009330
Rlog_NoSnap | KNN_1 | 3 | 1 | 3461779931 | 8.41174 | 200.57 | 4009330
Rlog_NoSnap | KNN_1 | 4 | 1 | 4326925476 | 8.41174 | 200.57 | 4009330
Rlog_NoSnap | KNN_1 | 5 | 1 | 4109766024 | 8.41174 | 200.57 | 4009330
Rlog_NoSnap | KNN_1 | 6 | 1 | 4014789707 | 8.41174 | 200.57 | 4009330
Rlog_NoSnap | KNN_1 | 7 | 1 | 1329759753 | 8.41174 | 200.57 | 4009330
Rlog_NoSnap | KNN_1 | 8 | 1 | 4069096566 | 8.41174 | 200.57 | 4009330
Rlog_NoSnap | KNN_1 | 9 | 1 | 3423512280 | 8.41174 | 200.57 | 4009330
Rlog_NoSnap | KNN_1 | 10 | 1 | 1988278695 | 8.41174 | 200.57 | 4009330
Rlog_NoSnap | KNN_1 | 11 | 1 | 4002272604 | 8.41174 | 200.57 | 4009330
Rlog_NoSnap | KNN_1 | 12 | 1 | 3460342898 | 8.41174 | 200.57 | 4009330
Rlog_NoSnap | KNN_1 | 13 | 1 | 4214912283 | 8.41174 | 200.57 | 4009330
Rlog_NoSnap | KNN_1 | 14 | 1 | 7778028177 | 8.41174 | 200.57 | 4009330
Rlog_NoSnap | KNN_1 | 15 | 1 | 4660254093 | 8.41174 | 200.57 | 4009330
Rlog_NoSnap | KNN_1 | 16 | 1 | 5761268307 | 8.41174 | 200.57 | 4009330
Rlog_NoSnap | KNN_1 | 17 | 1 | 4144899796 | 8.41174 | 200.57 | 4009330
Rlog_NoSnap | KNN_1 | 18 | 1 | 4659472614 | 8.41174 | 200.57 | 4009330
Rlog_NoSnap | KNN_1 | 19 | 1 | 3460272422 | 8.41174 | 200.57 | 4009330
Rlog_NoSnap | KNN_1 | 20 | 1 | 2354775690 | 8.41174 | 200.57 | 4009330
Rlog_NoSnap | KNN_1 | 21 | 1 | 8049537490 | 8.41174 | 200.57 | 4009330
Rlog_NoSnap | KNN_1 | 22 | 1 | 4015008607 | 8.41174 | 200.57 | 4009330
Rlog_NoSnap | KNN_1 | 23 | 1 | 5902465636 | 8.41174 | 200.57 | 4009330
Rlog_NoSnap | KNN_1 | 24 | 1 | 4387563584 | 8.41174 | 200.57 | 4009330
Rlog_NoSnap | KNN_1 | 25 | 1 | 4237349250 | 8.41174 | 200.57 | 4009330
Rlog_NoSnap | KNN_1 | 26 | 1 | 3413608904 | 8.41174 | 200.57 | 4009330
Rlog_NoSnap | KNN_1 | 27 | 1 | 4661386998 | 8.41174 | 200.57 | 4009330
Rlog_NoSnap | KNN_1 | 28 | 1 | 4659472627 | 8.41174 | 200.57 | 4009330
Rlog_NoSnap | KNN_1 | 29 | 1 | 2279730560 | 8.41174 | 200.57 | 4009330
Rlog_NoSnap | KNN_1 | 30 | 1 | 7490225032 | 8.41174 | 200.57 | 4009330
Rlog_NoSnap | KNN_1 | 31 | 1 | 6745925916 | 8.41174 | 200.57 | 4009330
Rlog_NoSnap | KNN_1 | 32 | 1 | 5859605565 | 8.41174 | 200.57 | 4009330
Rlog_NoSnap | KNN_1 | 33 | 1 | 4575549812 | 8.41174 | 200.57 | 4009330
Rlog_NoSnap | KNN_1 | 34 | 1 | 1988311545 | 8.41174 | 200.57 | 4009330
Rlog_NoSnap | KNN_1 | 35 | 1 | 3976245061 | 8.41174 | 200.57 | 4009330
Rlog_NoSnap | KNN_1 | 36 | 1 | 6533030402 | 8.41174 | 200.57 | 4009330
Rlog_NoSnap | KNN_1 | 37 | 1 | 3733697704 | 8.41174 | 200.57 | 4009330
Rlog_NoSnap | KNN_1 | 38 | 1 | 3976496452 | 8.41174 | 200.57 | 4009330
Rlog_NoSnap | KNN_1 | 39 | 1 | 1935203355 | 8.41174 | 200.57 | 4009330
Rlog_NoSnap | KNN_1 | 40 | 1 | 4143052499 | 8.41174 | 200.57 | 4009330
Rlog_NoSnap | KNN_1 | 41 | 1 | 3482538967 | 8.41174 | 200.57 | 4009330
Rlog_NoSnap | KNN_1 | 42 | 1 | 4064323548 | 8.41174 | 200.57 | 4009330
Rlog_NoSnap | KNN_1 | 43 | 1 | 4182127093 | 8.41174 | 200.57 | 4009330
Rlog_NoSnap | KNN_1 | 44 | 1 | 4311547478 | 8.41174 | 200.57 | 4009330
Rlog_NoSnap | KNN_1 | 45 | 1 | 3452312759 | 8.41174 | 200.57 | 4009330
Rlog_NoSnap | KNN_1 | 46 | 1 | 6054901716 | 8.41174 | 200.57 | 4009330
Rlog_NoSnap | KNN_1 | 47 | 1 | 2352400120 | 8.41174 | 200.57 | 4009330
Rlog_NoSnap | KNN_1 | 48 | 1 | 4326770413 | 8.41174 | 200.57 | 4009330
Rlog_NoSnap | KNN_1 | 49 | 1 | 4015296876 | 8.41174 | 200.57 | 4009330
Rlog_NoSnap | KNN_1 | 50 | 1 | 3951748480 | 8.41174 | 200.57 | 4009330
Rlog_NoSnap | KNN_1 | 51 | 1 | 4573578323 | 8.41174 | 200.57 | 4009330
Rlog_NoSnap | KNN_1 | 52 | 1 | 4014744738 | 8.41174 | 200.57 | 4009330
Rlog_NoSnap | KNN_1 | 53 | 1 | 4184035654 | 8.41174 | 200.57 | 4009330
Rlog_NoSnap | KNN_1 | 54 | 1 | 3731787916 | 8.41174 | 200.57 | 4009330
Rlog_NoSnap | KNN_1 | 55 | 1 | 5910458155 | 8.41174 | 200.57 | 4009330
Rlog_NoSnap | KNN_1 | 56 | 1 | 5908893215 | 8.41174 | 200.57 | 4009330
Rlog_NoSnap | KNN_1 | 57 | 1 | 4103259672 | 8.41174 | 200.57 | 4009330
Rlog_NoSnap | KNN_1 | 58 | 1 | 4209809012 | 8.41174 | 200.57 | 4009330
Rlog_NoSnap | KNN_1 | 59 | 1 | 3977068534 | 8.41174 | 200.57 | 4009330
Rlog_NoSnap | KNN_1 | 60 | 1 | 3992903203 | 8.41174 | 200.57 | 4009330
Rlog_NoSnap | KNN_1 | 61 | 1 | 3699119532 | 8.41174 | 200.57 | 4009330
Rlog_NoSnap | KNN_1 | 62 | 1 | 3423675708 | 8.41174 | 200.57 | 4009330
Rlog_NoSnap | KNN_1 | 63 | 1 | 247433796 | 8.41174 | 200.57 | 4009330
Rlog_NoSnap | KNN_1 | 64 | 1 | 5736148089 | 8.41174 | 200.57 | 4009330
Rlog_NoSnap | KNN_1 | 65 | 1 | 2215246207 | 8.41174 | 200.57 | 4009330
Rlog_NoSnap | KNN_1 | 66 | 1 | 3976245392 | 8.41174 | 200.57 | 4009330
Rlog_NoSnap | KNN_1 | 67 | 1 | 4315818259 | 8.41174 | 200.57 | 4009330
Rlog_NoSnap | KNN_1 | 68 | 1 | 3423515340 | 8.41174 | 200.57 | 4009330
Rlog_NoSnap | KNN_1 | 69 | 1 | 4166424022 | 8.41174 | 200.57 | 4009330
Rlog_NoSnap | KNN_1 | 70 | 1 | 4333673547 | 8.41174 | 200.57 | 4009330
Rlog_NoSnap | KNN_1 | 71 | 1 | 4166504714 | 8.41174 | 200.57 | 4009330
Rlog_NoSnap | KNN_1 | 72 | 1 | 4338620001 | 8.41174 | 200.57 | 4009330
Rlog_NoSnap | KNN_1 | 73 | 1 | 4936174906 | 8.41174 | 200.57 | 4009330
Rlog_NoSnap | KNN_1 | 74 | 1 | 5397501691 | 8.41174 | 200.57 | 4009330
Rlog_NoSnap | KNN_1 | 75 | 1 | 6247541065 | 8.41174 | 200.57 | 4009330
Rlog_NoSnap | KNN_1 | 76 | 1 | 5914664658 | 8.41174 | 200.57 | 4009330
Rlog_NoSnap | KNN_1 | 77 | 1 | 4378797820 | 8.41174 | 200.57 | 4009330
Rlog_NoSnap | KNN_1 | 78 | 1 | 6725215558 | 8.41174 | 200.57 | 4009330
Rlog_NoSnap | KNN_1 | 79 | 1 | 3460328787 | 8.41174 | 200.57 | 4009330
Rlog_NoSnap | KNN_1 | 80 | 1 | 5914664877 | 8.41174 | 200.57 | 4009330
Rlog_NoSnap | KNN_1 | 81 | 1 | 3004387890 | 8.41174 | 200.57 | 4009330
Rlog_NoSnap | KNN_1 | 82 | 1 | 5238464096 | 8.41174 | 200.57 | 4009330
Rlog_NoSnap | KNN_1 | 83 | 1 | 7497530099 | 8.41174 | 200.57 | 4009330
Rlog_NoSnap | KNN_1 | 84 | 1 | 4311547094 | 8.41174 | 200.57 | 4009330
Rlog_NoSnap | KNN_1 | 85 | 1 | 6542996576 | 8.41174 | 200.57 | 4009330
Rlog_NoSnap | KNN_1 | 86 | 1 | 5761273217 | 8.41174 | 200.57 | 4009330
Rlog_NoSnap | KNN_1 | 87 | 1 | 3411918320 | 8.41174 | 200.57 | 4009330
Rlog_NoSnap | KNN_1 | 88 | 1 | 2352400118 | 8.41174 | 200.57 | 4009330
Rlog_NoSnap | KNN_1 | 89 | 1 | 8072475471 | 8.41174 | 200.57 | 4009330
Rlog_NoSnap | KNN_1 | 90 | 1 | 4201790335 | 8.41174 | 200.57 | 4009330
Rlog_NoSnap | KNN_1 | 91 | 1 | 4105989258 | 8.41174 | 200.57 | 4009330
Rlog_NoSnap | KNN_1 | 92 | 1 | 3593380208 | 8.41174 | 200.57 | 4009330
Rlog_NoSnap | KNN_1 | 93 | 1 | 4209804025 | 8.41174 | 200.57 | 4009330
Rlog_NoSnap | KNN_1 | 94 | 1 | 4106007635 | 8.41174 | 200.57 | 4009330
Rlog_NoSnap | KNN_1 | 95 | 1 | 5902556243 | 8.41174 | 200.57 | 4009330
Rlog_NoSnap | KNN_1 | 96 | 1 | 4106175656 | 8.41174 | 200.57 | 4009330
Rlog_NoSnap | KNN_1 | 97 | 1 | 4229643995 | 8.41174 | 200.57 | 4009330
Rlog_NoSnap | KNN_1 | 98 | 1 | 3415018446 | 8.41174 | 200.57 | 4009330
Rlog_NoSnap | KNN_1 | 99 | 1 | 4309136810 | 8.41174 | 200.57 | 4009330
Rlog_NoSnap | KNN_10 | 0 | 10 | 58723645223 | 8.4541 | 200.57 | 4009330
Rlog_NoSnap | KNN_10 | 1 | 10 | 51689357360 | 8.4541 | 200.57 | 4009330
Rlog_NoSnap | KNN_10 | 2 | 10 | 95302017670 | 8.4541 | 200.57 | 4009330
Rlog_NoSnap | KNN_10 | 3 | 10 | 34236455536 | 8.4541 | 200.57 | 4009330
Rlog_NoSnap | KNN_10 | 4 | 10 | 88229466918 | 8.4541 | 200.57 | 4009330
Rlog_NoSnap | KNN_10 | 5 | 10 | 47251111494 | 8.4541 | 200.57 | 4009330
Rlog_NoSnap | KNN_10 | 6 | 10 | 69087983909 | 8.4541 | 200.57 | 4009330
Rlog_NoSnap | KNN_10 | 7 | 10 | 67151995955 | 8.4541 | 200.57 | 4009330
Rlog_NoSnap | KNN_10 | 8 | 10 | 57995524835 | 8.4541 | 200.57 | 4009330
Rlog_NoSnap | KNN_10 | 9 | 10 | 57589701820 | 8.4541 | 200.57 | 4009330
Rlog_NoSnap | KNN_10 | 10 | 10 | 75053849643 | 8.4541 | 200.57 | 4009330
Rlog_NoSnap | KNN_10 | 11 | 10 | 45778807974 | 8.4541 | 200.57 | 4009330
Rlog_NoSnap | KNN_10 | 12 | 10 | 38112654099 | 8.4541 | 200.57 | 4009330
Rlog_NoSnap | KNN_10 | 13 | 10 | 81173082023 | 8.4541 | 200.57 | 4009330
Rlog_NoSnap | KNN_10 | 14 | 10 | 46036729143 | 8.4541 | 200.57 | 4009330
Rlog_NoSnap | KNN_10 | 15 | 10 | 40147170171 | 8.4541 | 200.57 | 4009330
Rlog_NoSnap | KNN_10 | 16 | 10 | 42112551409 | 8.4541 | 200.57 | 4009330
Rlog_NoSnap | KNN_10 | 17 | 10 | 49596568980 | 8.4541 | 200.57 | 4009330
Rlog_NoSnap | KNN_10 | 18 | 10 | 66031744759 | 8.4541 | 200.57 | 4009330
Rlog_NoSnap | KNN_10 | 19 | 10 | 60956015505 | 8.4541 | 200.57 | 4009330
Rlog_NoSnap | KNN_10 | 20 | 10 | 64205115251 | 8.4541 | 200.57 | 4009330
Rlog_NoSnap | KNN_10 | 21 | 10 | 57631114723 | 8.4541 | 200.57 | 4009330
Rlog_NoSnap | KNN_10 | 22 | 10 | 74744523597 | 8.4541 | 200.57 | 4009330
Rlog_NoSnap | KNN_10 | 23 | 10 | 53499325077 | 8.4541 | 200.57 | 4009330
Rlog_NoSnap | KNN_10 | 24 | 10 | 70090502496 | 8.4541 | 200.57 | 4009330
Rlog_NoSnap | KNN_10 | 25 | 10 | 75053778072 | 8.4541 | 200.57 | 4009330
Rlog_NoSnap | KNN_10 | 26 | 10 | 58480593982 | 8.4541 | 200.57 | 4009330
Rlog_NoSnap | KNN_10 | 27 | 10 | 55084582346 | 8.4541 | 200.57 | 4009330
Rlog_NoSnap | KNN_10 | 28 | 10 | 42059447436 | 8.4541 | 200.57 | 4009330
Rlog_NoSnap | KNN_10 | 29 | 10 | 75620642348 | 8.4541 | 200.57 | 4009330
Rlog_NoSnap | KNN_10 | 30 | 10 | 68889899717 | 8.4541 | 200.57 | 4009330
Rlog_NoSnap | KNN_10 | 31 | 10 | 77499880461 | 8.4541 | 200.57 | 4009330
Rlog_NoSnap | KNN_10 | 32 | 10 | 40055442400 | 8.4541 | 200.57 | 4009330
Rlog_NoSnap | KNN_10 | 33 | 10 | 37310492973 | 8.4541 | 200.57 | 4009330
Rlog_NoSnap | KNN_10 | 34 | 10 | 34549223314 | 8.4541 | 200.57 | 4009330
Rlog_NoSnap | KNN_10 | 35 | 10 | 61275579459 | 8.4541 | 200.57 | 4009330
Rlog_NoSnap | KNN_10 | 36 | 10 | 51378573980 | 8.4541 | 200.57 | 4009330
Rlog_NoSnap | KNN_10 | 37 | 10 | 60152150973 | 8.4541 | 200.57 | 4009330
Rlog_NoSnap | KNN_10 | 38 | 10 | 43033589137 | 8.4541 | 200.57 | 4009330
Rlog_NoSnap | KNN_10 | 39 | 10 | 42314995626 | 8.4541 | 200.57 | 4009330
Rlog_NoSnap | KNN_10 | 40 | 10 | 56316151549 | 8.4541 | 200.57 | 4009330
Rlog_NoSnap | KNN_10 | 41 | 10 | 41080558315 | 8.4541 | 200.57 | 4009330
Rlog_NoSnap | KNN_10 | 42 | 10 | 115155313648 | 8.4541 | 200.57 | 4009330
Rlog_NoSnap | KNN_10 | 43 | 10 | 42144733963 | 8.4541 | 200.57 | 4009330
Rlog_NoSnap | KNN_10 | 44 | 10 | 75053776416 | 8.4541 | 200.57 | 4009330
Rlog_NoSnap | KNN_10 | 45 | 10 | 66090804049 | 8.4541 | 200.57 | 4009330
Rlog_NoSnap | KNN_10 | 46 | 10 | 44709141337 | 8.4541 | 200.57 | 4009330
Rlog_NoSnap | KNN_10 | 47 | 10 | 39749813309 | 8.4541 | 200.57 | 4009330
Rlog_NoSnap | KNN_10 | 48 | 10 | 43011432878 | 8.4541 | 200.57 | 4009330
Rlog_NoSnap | KNN_10 | 49 | 10 | 72469483062 | 8.4541 | 200.57 | 4009330
Rlog_NoSnap | KNN_10 | 50 | 10 | 49917190905 | 8.4541 | 200.57 | 4009330
Rlog_NoSnap | KNN_10 | 51 | 10 | 73980388013 | 8.4541 | 200.57 | 4009330
Rlog_NoSnap | KNN_10 | 52 | 10 | 46407736822 | 8.4541 | 200.57 | 4009330
Rlog_NoSnap | KNN_10 | 53 | 10 | 77335310124 | 8.4541 | 200.57 | 4009330
Rlog_NoSnap | KNN_10 | 54 | 10 | 71028761291 | 8.4541 | 200.57 | 4009330
Rlog_NoSnap | KNN_10 | 55 | 10 | 41448634870 | 8.4541 | 200.57 | 4009330
Rlog_NoSnap | KNN_10 | 56 | 10 | 53343256355 | 8.4541 | 200.57 | 4009330
Rlog_NoSnap | KNN_10 | 57 | 10 | 42114845874 | 8.4541 | 200.57 | 4009330
Rlog_NoSnap | KNN_10 | 58 | 10 | 42144408921 | 8.4541 | 200.57 | 4009330
Rlog_NoSnap | KNN_10 | 59 | 10 | 60804410207 | 8.4541 | 200.57 | 4009330
Rlog_NoSnap | KNN_10 | 60 | 10 | 64382234615 | 8.4541 | 200.57 | 4009330
Rlog_NoSnap | KNN_10 | 61 | 10 | 84484673927 | 8.4541 | 200.57 | 4009330
Rlog_NoSnap | KNN_10 | 62 | 10 | 48473487986 | 8.4541 | 200.57 | 4009330
Rlog_NoSnap | KNN_10 | 63 | 10 | 47268759426 | 8.4541 | 200.57 | 4009330
Rlog_NoSnap | KNN_10 | 64 | 10 | 34135139676 | 8.4541 | 200.57 | 4009330
Rlog_NoSnap | KNN_10 | 65 | 10 | 87011885649 | 8.4541 | 200.57 | 4009330
Rlog_NoSnap | KNN_10 | 66 | 10 | 35221360194 | 8.4541 | 200.57 | 4009330
Rlog_NoSnap | KNN_10 | 67 | 10 | 59727311192 | 8.4541 | 200.57 | 4009330
Rlog_NoSnap | KNN_10 | 68 | 10 | 43753153267 | 8.4541 | 200.57 | 4009330
Rlog_NoSnap | KNN_10 | 69 | 10 | 45721047465 | 8.4541 | 200.57 | 4009330
Rlog_NoSnap | KNN_10 | 70 | 10 | 75781024096 | 8.4541 | 200.57 | 4009330
Rlog_NoSnap | KNN_10 | 71 | 10 | 39750603045 | 8.4541 | 200.57 | 4009330
Rlog_NoSnap | KNN_10 | 72 | 10 | 57590748475 | 8.4541 | 200.57 | 4009330
Rlog_NoSnap | KNN_10 | 73 | 10 | 72655107594 | 8.4541 | 200.57 | 4009330
Rlog_NoSnap | KNN_10 | 74 | 10 | 74685360034 | 8.4541 | 200.57 | 4009330
Rlog_NoSnap | KNN_10 | 75 | 10 | 46061811714 | 8.4541 | 200.57 | 4009330
Rlog_NoSnap | KNN_10 | 76 | 10 | 36285450406 | 8.4541 | 200.57 | 4009330
Rlog_NoSnap | KNN_10 | 77 | 10 | 74854061426 | 8.4541 | 200.57 | 4009330
Rlog_NoSnap | KNN_10 | 78 | 10 | 59024863381 | 8.4541 | 200.57 | 4009330
Rlog_NoSnap | KNN_10 | 79 | 10 | 46805704020 | 8.4541 | 200.57 | 4009330
Rlog_NoSnap | KNN_10 | 80 | 10 | 57264242124 | 8.4541 | 200.57 | 4009330
Rlog_NoSnap | KNN_10 | 81 | 10 | 41096356191 | 8.4541 | 200.57 | 4009330
Rlog_NoSnap | KNN_10 | 82 | 10 | 52046048065 | 8.4541 | 200.57 | 4009330
Rlog_NoSnap | KNN_10 | 83 | 10 | 64117484372 | 8.4541 | 200.57 | 4009330
Rlog_NoSnap | KNN_10 | 84 | 10 | 40375005357 | 8.4541 | 200.57 | 4009330
Rlog_NoSnap | KNN_10 | 85 | 10 | 43228211933 | 8.4541 | 200.57 | 4009330
Rlog_NoSnap | KNN_10 | 86 | 10 | 98790489190 | 8.4541 | 200.57 | 4009330
Rlog_NoSnap | KNN_10 | 87 | 10 | 67189672688 | 8.4541 | 200.57 | 4009330
Rlog_NoSnap | KNN_10 | 88 | 10 | 57613495575 | 8.4541 | 200.57 | 4009330
Rlog_NoSnap | KNN_10 | 89 | 10 | 70666159635 | 8.4541 | 200.57 | 4009330
Rlog_NoSnap | KNN_10 | 90 | 10 | 51538677186 | 8.4541 | 200.57 | 4009330
Rlog_NoSnap | KNN_10 | 91 | 10 | 74974723959 | 8.4541 | 200.57 | 4009330
Rlog_NoSnap | KNN_10 | 92 | 10 | 58795229863 | 8.4541 | 200.57 | 4009330
Rlog_NoSnap | KNN_10 | 93 | 10 | 16524287260 | 8.4541 | 200.57 | 4009330
Rlog_NoSnap | KNN_10 | 94 | 10 | 81806170999 | 8.4541 | 200.57 | 4009330
Rlog_NoSnap | KNN_10 | 95 | 10 | 79242290182 | 8.4541 | 200.57 | 4009330
Rlog_NoSnap | KNN_10 | 96 | 10 | 46849743035 | 8.4541 | 200.57 | 4009330
Rlog_NoSnap | KNN_10 | 97 | 10 | 67130675459 | 8.4541 | 200.57 | 4009330
Rlog_NoSnap | KNN_10 | 98 | 10 | 73509011577 | 8.4541 | 200.57 | 4009330
Rlog_NoSnap | KNN_10 | 99 | 10 | 35226799636 | 8.4541 | 200.57 | 4009330
Rlog_NoSnap | KNN_100 | 0 | 100 | 707570097869 | 8.48617 | 200.57 | 4009330
Rlog_NoSnap | KNN_100 | 1 | 100 | 559385535269 | 8.48617 | 200.57 | 4009330
Rlog_NoSnap | KNN_100 | 2 | 100 | 408355443273 | 8.48617 | 200.57 | 4009330
Rlog_NoSnap | KNN_100 | 3 | 100 | 863747770040 | 8.48617 | 200.57 | 4009330
Rlog_NoSnap | KNN_100 | 4 | 100 | 714766934453 | 8.48617 | 200.57 | 4009330
Rlog_NoSnap | KNN_100 | 5 | 100 | 575821928584 | 8.48617 | 200.57 | 4009330
Rlog_NoSnap | KNN_100 | 6 | 100 | 845270402113 | 8.48617 | 200.57 | 4009330
Rlog_NoSnap | KNN_100 | 7 | 100 | 740579413887 | 8.48617 | 200.57 | 4009330
Rlog_NoSnap | KNN_100 | 8 | 100 | 645230305650 | 8.48617 | 200.57 | 4009330
Rlog_NoSnap | KNN_100 | 9 | 100 | 808807188499 | 8.48617 | 200.57 | 4009330
Rlog_NoSnap | KNN_100 | 10 | 100 | 439698595638 | 8.48617 | 200.57 | 4009330
Rlog_NoSnap | KNN_100 | 11 | 100 | 598785655900 | 8.48617 | 200.57 | 4009330
Rlog_NoSnap | KNN_100 | 12 | 100 | 633316736269 | 8.48617 | 200.57 | 4009330
Rlog_NoSnap | KNN_100 | 13 | 100 | 871565229087 | 8.48617 | 200.57 | 4009330
Rlog_NoSnap | KNN_100 | 14 | 100 | 588326525578 | 8.48617 | 200.57 | 4009330
Rlog_NoSnap | KNN_100 | 15 | 100 | 792183179645 | 8.48617 | 200.57 | 4009330
Rlog_NoSnap | KNN_100 | 16 | 100 | 737836680651 | 8.48617 | 200.57 | 4009330
Rlog_NoSnap | KNN_100 | 17 | 100 | 537005904769 | 8.48617 | 200.57 | 4009330
Rlog_NoSnap | KNN_100 | 18 | 100 | 718151759159 | 8.48617 | 200.57 | 4009330
Rlog_NoSnap | KNN_100 | 19 | 100 | 808445623471 | 8.48617 | 200.57 | 4009330
Rlog_NoSnap | KNN_100 | 20 | 100 | 843317980125 | 8.48617 | 200.57 | 4009330
Rlog_NoSnap | KNN_100 | 21 | 100 | 556806655775 | 8.48617 | 200.57 | 4009330
Rlog_NoSnap | KNN_100 | 22 | 100 | 449662992150 | 8.48617 | 200.57 | 4009330
Rlog_NoSnap | KNN_100 | 23 | 100 | 701273741585 | 8.48617 | 200.57 | 4009330
Rlog_NoSnap | KNN_100 | 24 | 100 | 505316427202 | 8.48617 | 200.57 | 4009330
Rlog_NoSnap | KNN_100 | 25 | 100 | 765500062430 | 8.48617 | 200.57 | 4009330
Rlog_NoSnap | KNN_100 | 26 | 100 | 655113262439 | 8.48617 | 200.57 | 4009330
Rlog_NoSnap | KNN_100 | 27 | 100 | 576223533823 | 8.48617 | 200.57 | 4009330
Rlog_NoSnap | KNN_100 | 28 | 100 | 501074377799 | 8.48617 | 200.57 | 4009330
Rlog_NoSnap | KNN_100 | 29 | 100 | 719302059541 | 8.48617 | 200.57 | 4009330
Rlog_NoSnap | KNN_100 | 30 | 100 | 766719409263 | 8.48617 | 200.57 | 4009330
Rlog_NoSnap | KNN_100 | 31 | 100 | 1000680176943 | 8.48617 | 200.57 | 4009330
Rlog_NoSnap | KNN_100 | 32 | 100 | 420340895265 | 8.48617 | 200.57 | 4009330
Rlog_NoSnap | KNN_100 | 33 | 100 | 712909141363 | 8.48617 | 200.57 | 4009330
Rlog_NoSnap | KNN_100 | 34 | 100 | 421427607724 | 8.48617 | 200.57 | 4009330
Rlog_NoSnap | KNN_100 | 35 | 100 | 595048332924 | 8.48617 | 200.57 | 4009330
Rlog_NoSnap | KNN_100 | 36 | 100 | 540640472705 | 8.48617 | 200.57 | 4009330
Rlog_NoSnap | KNN_100 | 37 | 100 | 633070383404 | 8.48617 | 200.57 | 4009330
Rlog_NoSnap | KNN_100 | 38 | 100 | 794561432843 | 8.48617 | 200.57 | 4009330
Rlog_NoSnap | KNN_100 | 39 | 100 | 682136007667 | 8.48617 | 200.57 | 4009330
Rlog_NoSnap | KNN_100 | 40 | 100 | 876253453864 | 8.48617 | 200.57 | 4009330
Rlog_NoSnap | KNN_100 | 41 | 100 | 564053230122 | 8.48617 | 200.57 | 4009330
Rlog_NoSnap | KNN_100 | 42 | 100 | 547465353808 | 8.48617 | 200.57 | 4009330
Rlog_NoSnap | KNN_100 | 43 | 100 | 836922134379 | 8.48617 | 200.57 | 4009330
Rlog_NoSnap | KNN_100 | 44 | 100 | 547237237487 | 8.48617 | 200.57 | 4009330
Rlog_NoSnap | KNN_100 | 45 | 100 | 768092813797 | 8.48617 | 200.57 | 4009330
Rlog_NoSnap | KNN_100 | 46 | 100 | 516377005019 | 8.48617 | 200.57 | 4009330
Rlog_NoSnap | KNN_100 | 47 | 100 | 427788850771 | 8.48617 | 200.57 | 4009330
Rlog_NoSnap | KNN_100 | 48 | 100 | 442784559998 | 8.48617 | 200.57 | 4009330
Rlog_NoSnap | KNN_100 | 49 | 100 | 609955637352 | 8.48617 | 200.57 | 4009330
Rlog_NoSnap | KNN_100 | 50 | 100 | 817181122826 | 8.48617 | 200.57 | 4009330
Rlog_NoSnap | KNN_100 | 51 | 100 | 754834012784 | 8.48617 | 200.57 | 4009330
Rlog_NoSnap | KNN_100 | 52 | 100 | 735902966337 | 8.48617 | 200.57 | 4009330
Rlog_NoSnap | KNN_100 | 53 | 100 | 640673909773 | 8.48617 | 200.57 | 4009330
Rlog_NoSnap | KNN_100 | 54 | 100 | 921803640943 | 8.48617 | 200.57 | 4009330
Rlog_NoSnap | KNN_100 | 55 | 100 | 753868284538 | 8.48617 | 200.57 | 4009330
Rlog_NoSnap | KNN_100 | 56 | 100 | 504573305366 | 8.48617 | 200.57 | 4009330
Rlog_NoSnap | KNN_100 | 57 | 100 | 705905922505 | 8.48617 | 200.57 | 4009330
Rlog_NoSnap | KNN_100 | 58 | 100 | 909571817170 | 8.48617 | 200.57 | 4009330
Rlog_NoSnap | KNN_100 | 59 | 100 | 562064634331 | 8.48617 | 200.57 | 4009330
Rlog_NoSnap | KNN_100 | 60 | 100 | 434677932589 | 8.48617 | 200.57 | 4009330
Rlog_NoSnap | KNN_100 | 61 | 100 | 767616858824 | 8.48617 | 200.57 | 4009330
Rlog_NoSnap | KNN_100 | 62 | 100 | 790557166749 | 8.48617 | 200.57 | 4009330
Rlog_NoSnap | KNN_100 | 63 | 100 | 378235203406 | 8.48617 | 200.57 | 4009330
Rlog_NoSnap | KNN_100 | 64 | 100 | 540555291056 | 8.48617 | 200.57 | 4009330
Rlog_NoSnap | KNN_100 | 65 | 100 | 577687497470 | 8.48617 | 200.57 | 4009330
Rlog_NoSnap | KNN_100 | 66 | 100 | 780943291106 | 8.48617 | 200.57 | 4009330
Rlog_NoSnap | KNN_100 | 67 | 100 | 792944751547 | 8.48617 | 200.57 | 4009330
Rlog_NoSnap | KNN_100 | 68 | 100 | 574171600952 | 8.48617 | 200.57 | 4009330
Rlog_NoSnap | KNN_100 | 69 | 100 | 858940695644 | 8.48617 | 200.57 | 4009330
Rlog_NoSnap | KNN_100 | 70 | 100 | 497473639113 | 8.48617 | 200.57 | 4009330
Rlog_NoSnap | KNN_100 | 71 | 100 | 827274108051 | 8.48617 | 200.57 | 4009330
Rlog_NoSnap | KNN_100 | 72 | 100 | 519498601169 | 8.48617 | 200.57 | 4009330
Rlog_NoSnap | KNN_100 | 73 | 100 | 370323513581 | 8.48617 | 200.57 | 4009330
Rlog_NoSnap | KNN_100 | 74 | 100 | 749900659537 | 8.48617 | 200.57 | 4009330
Rlog_NoSnap | KNN_100 | 75 | 100 | 354424250712 | 8.48617 | 200.57 | 4009330
Rlog_NoSnap | KNN_100 | 76 | 100 | 452317044117 | 8.48617 | 200.57 | 4009330
Rlog_NoSnap | KNN_100 | 77 | 100 | 497884877950 | 8.48617 | 200.57 | 4009330
Rlog_NoSnap | KNN_100 | 78 | 100 | 575762046620 | 8.48617 | 200.57 | 4009330
Rlog_NoSnap | KNN_100 | 79 | 100 | 472741319968 | 8.48617 | 200.57 | 4009330
Rlog_NoSnap | KNN_100 | 80 | 100 | 472378671129 | 8.48617 | 200.57 | 4009330
Rlog_NoSnap | KNN_100 | 81 | 100 | 701127038097 | 8.48617 | 200.57 | 4009330
Rlog_NoSnap | KNN_100 | 82 | 100 | 437835890988 | 8.48617 | 200.57 | 4009330
Rlog_NoSnap | KNN_100 | 83 | 100 | 889925833529 | 8.48617 | 200.57 | 4009330
Rlog_NoSnap | KNN_100 | 84 | 100 | 521423848158 | 8.48617 | 200.57 | 4009330
Rlog_NoSnap | KNN_100 | 85 | 100 | 613054438431 | 8.48617 | 200.57 | 4009330
Rlog_NoSnap | KNN_100 | 86 | 100 | 518396866353 | 8.48617 | 200.57 | 4009330
Rlog_NoSnap | KNN_100 | 87 | 100 | 633225546661 | 8.48617 | 200.57 | 4009330
Rlog_NoSnap | KNN_100 | 88 | 100 | 592219879757 | 8.48617 | 200.57 | 4009330
Rlog_NoSnap | KNN_100 | 89 | 100 | 801587765266 | 8.48617 | 200.57 | 4009330
Rlog_NoSnap | KNN_100 | 90 | 100 | 511270315310 | 8.48617 | 200.57 | 4009330
Rlog_NoSnap | KNN_100 | 91 | 100 | 411708211528 | 8.48617 | 200.57 | 4009330
Rlog_NoSnap | KNN_100 | 92 | 100 | 744534836939 | 8.48617 | 200.57 | 4009330
Rlog_NoSnap | KNN_100 | 93 | 100 | 440760905214 | 8.48617 | 200.57 | 4009330
Rlog_NoSnap | KNN_100 | 94 | 100 | 408553656674 | 8.48617 | 200.57 | 4009330
Rlog_NoSnap | KNN_100 | 95 | 100 | 763137816637 | 8.48617 | 200.57 | 4009330
Rlog_NoSnap | KNN_100 | 96 | 100 | 425923401548 | 8.48617 | 200.57 | 4009330
Rlog_NoSnap | KNN_100 | 97 | 100 | 519490186271 | 8.48617 | 200.57 | 4009330
Rlog_NoSnap | KNN_100 | 98 | 100 | 758037277994 | 8.48617 | 200.57 | 4009330
Rlog_NoSnap | KNN_100 | 99 | 100 | 428113342740 | 8.48617 | 200.57 | 4009330
