Algo | QType | QID | Count | Hash | Time_ms | Mem_MB | Nodes
Rlog_NoSnap | Range_Small | 0 | 13 | 77370775039 | 74.3241 | 193.292 | 4288915
Rlog_NoSnap | Range_Small | 1 | 32 | 53711026007 | 74.3241 | 193.292 | 4288915
Rlog_NoSnap | Range_Small | 2 | 22 | 129856243729 | 74.3241 | 193.292 | 4288915
Rlog_NoSnap | Range_Small | 3 | 23 | 125861566061 | 74.3241 | 193.292 | 4288915
Rlog_NoSnap | Range_Small | 4 | 12 | 62231256115 | 74.3241 | 193.292 | 4288915
Rlog_NoSnap | Range_Small | 5 | 8 | 24044512384 | 74.3241 | 193.292 | 4288915
Rlog_NoSnap | Range_Small | 6 | 7 | 30210729085 | 74.3241 | 193.292 | 4288915
Rlog_NoSnap | Range_Small | 7 | 25 | 137139152206 | 74.3241 | 193.292 | 4288915
Rlog_NoSnap | Range_Small | 8 | 20 | 69205439825 | 74.3241 | 193.292 | 4288915
Rlog_NoSnap | Range_Small | 9 | 22 | 111590590455 | 74.3241 | 193.292 | 4288915
Rlog_NoSnap | Range_Small | 10 | 5 | 10444192042 | 74.3241 | 193.292 | 4288915
Rlog_NoSnap | Range_Small | 11 | 159 | 1224908840390 | 74.3241 | 193.292 | 4288915
Rlog_NoSnap | Range_Small | 12 | 27 | 152094047076 | 74.3241 | 193.292 | 4288915
Rlog_NoSnap | Range_Small | 13 | 64 | 498902711018 | 74.3241 | 193.292 | 4288915
Rlog_NoSnap | Range_Small | 14 | 9 | 62398590491 | 74.3241 | 193.292 | 4288915
Rlog_NoSnap | Range_Small | 15 | 9 | 42692757318 | 74.3241 | 193.292 | 4288915
Rlog_NoSnap | Range_Small | 16 | 17 | 94167736767 | 74.3241 | 193.292 | 4288915
Rlog_NoSnap | Range_Small | 17 | 17 | 54936443278 | 74.3241 | 193.292 | 4288915
Rlog_NoSnap | Range_Small | 18 | 91 | 300755550064 | 74.3241 | 193.292 | 4288915
Rlog_NoSnap | Range_Small | 19 | 11 | 49462926783 | 74.3241 | 193.292 | 4288915
Rlog_NoSnap | Range_Small | 20 | 40 | 276082178268 | 74.3241 | 193.292 | 4288915
Rlog_NoSnap | Range_Small | 21 | 8 | 20530185936 | 74.3241 | 193.292 | 4288915
Rlog_NoSnap | Range_Small | 22 | 15 | 121533916642 | 74.3241 | 193.292 | 4288915
Rlog_NoSnap | Range_Small | 23 | 41 | 316751500055 | 74.3241 | 193.292 | 4288915
Rlog_NoSnap | Range_Small | 24 | 24 | 85875862369 | 74.3241 | 193.292 | 4288915
Rlog_NoSnap | Range_Small | 25 | 23 | 109186965647 | 74.3241 | 193.292 | 4288915
Rlog_NoSnap | Range_Small | 26 | 19 | 86547374841 | 74.3241 | 193.292 | 4288915
Rlog_NoSnap | Range_Small | 27 | 17 | 135957155180 | 74.3241 | 193.292 | 4288915
Rlog_NoSnap | Range_Small | 28 | 19 | 76366734289 | 74.3241 | 193.292 | 4288915
Rlog_NoSnap | Range_Small | 29 | 6 | 39220518399 | 74.3241 | 193.292 | 4288915
Rlog_NoSnap | Range_Small | 30 | 24 | 119721156575 | 74.3241 | 193.292 | 4288915
Rlog_NoSnap | Range_Small | 31 | 9 | 38807608900 | 74.3241 | 193.292 | 4288915
Rlog_NoSnap | Range_Small | 32 | 43 | 326466680123 | 74.3241 | 193.292 | 4288915
Rlog_NoSnap | Range_Small | 33 | 43 | 197983429584 | 74.3241 | 193.292 | 4288915
Rlog_NoSnap | Range_Small | 34 | 47 | 335607728439 | 74.3241 | 193.292 | 4288915
Rlog_NoSnap | Range_Small | 35 | 26 | 119038116735 | 74.3241 | 193.292 | 4288915
Rlog_NoSnap | Range_Small | 36 | 26 | 144321353783 | 74.3241 | 193.292 | 4288915
Rlog_NoSnap | Range_Small | 37 | 7 | 27834564444 | 74.3241 | 193.292 | 4288915
Rlog_NoSnap | Range_Small | 38 | 22 | 93085338743 | 74.3241 | 193.292 | 4288915
Rlog_NoSnap | Range_Small | 39 | 23 | 144058810345 | 74.3241 | 193.292 | 4288915
Rlog_NoSnap | Range_Small | 40 | 9 | 65014688263 | 74.3241 | 193.292 | 4288915
Rlog_NoSnap | Range_Small | 41 | 30 | 236699744426 | 74.3241 | 193.292 | 4288915
Rlog_NoSnap | Range_Small | 42 | 20 | 144042841331 | 74.3241 | 193.292 | 4288915
Rlog_NoSnap | Range_Small | 43 | 26 | 109746726127 | 74.3241 | 193.292 | 4288915
Rlog_NoSnap | Range_Small | 44 | 17 | 118507044284 | 74.3241 | 193.292 | 4288915
Rlog_NoSnap | Range_Small | 45 | 421 | 3596916433530 | 74.3241 | 193.292 | 4288915
Rlog_NoSnap | Range_Small | 46 | 13 | 55049055046 | 74.3241 | 193.292 | 4288915
Rlog_NoSnap | Range_Small | 47 | 17 | 67184759025 | 74.3241 | 193.292 | 4288915
Rlog_NoSnap | Range_Small | 48 | 198 | 1993098198593 | 74.3241 | 193.292 | 4288915
Rlog_NoSnap | Range_Small | 49 | 30 | 213510504440 | 74.3241 | 193.292 | 4288915
Rlog_NoSnap | Range_Small | 50 | 28 | 180664455452 | 74.3241 | 193.292 | 4288915
Rlog_NoSnap | Range_Small | 51 | 33 | 170949516973 | 74.3241 | 193.292 | 4288915
Rlog_NoSnap | Range_Small | 52 | 27 | 113726440350 | 74.3241 | 193.292 | 4288915
Rlog_NoSnap | Range_Small | 53 | 33 | 234478734443 | 74.3241 | 193.292 | 4288915
Rlog_NoSnap | Range_Small | 54 | 261 | 2512873875977 | 74.3241 | 193.292 | 4288915
Rlog_NoSnap | Range_Small | 55 | 30 | 141023065508 | 74.3241 | 193.292 | 4288915
Rlog_NoSnap | Range_Small | 56 | 74 | 690193354441 | 74.3241 | 193.292 | 4288915
Rlog_NoSnap | Range_Small | 57 | 9 | 39700892006 | 74.3241 | 193.292 | 4288915
Rlog_NoSnap | Range_Small | 58 | 9 | 70594327845 | 74.3241 | 193.292 | 4288915
Rlog_NoSnap | Range_Small | 59 | 12 | 77427663192 | 74.3241 | 193.292 | 4288915
Rlog_NoSnap | Range_Small | 60 | 14 | 82032329885 | 74.3241 | 193.292 | 4288915
Rlog_NoSnap | Range_Small | 61 | 72 | 610685637097 | 74.3241 | 193.292 | 4288915
Rlog_NoSnap | Range_Small | 62 | 35 | 222736003842 | 74.3241 | 193.292 | 4288915
Rlog_NoSnap | Range_Small | 63 | 12 | 67037267883 | 74.3241 | 193.292 | 4288915
Rlog_NoSnap | Range_Small | 64 | 23 | 160937214155 | 74.3241 | 193.292 | 4288915
Rlog_NoSnap | Range_Small | 65 | 29 | 175744685654 | 74.3241 | 193.292 | 4288915
Rlog_NoSnap | Range_Small | 66 | 16 | 114527890192 | 74.3241 | 193.292 | 4288915
Rlog_NoSnap | Range_Small | 67 | 24 | 79451503086 | 74.3241 | 193.292 | 4288915
Rlog_NoSnap | Range_Small | 68 | 12 | 62455255635 | 74.3241 | 193.292 | 4288915
Rlog_NoSnap | Range_Small | 69 | 28 | 118567150726 | 74.3241 | 193.292 | 4288915
Rlog_NoSnap | Range_Small | 70 | 23 | 96914505325 | 74.3241 | 193.292 | 4288915
Rlog_NoSnap | Range_Small | 71 | 10 | 45787739933 | 74.3241 | 193.292 | 4288915
Rlog_NoSnap | Range_Small | 72 | 8 | 34163189116 | 74.3241 | 193.292 | 4288915
Rlog_NoSnap | Range_Small | 73 | 56 | 367092482539 | 74.3241 | 193.292 | 4288915
Rlog_NoSnap | Range_Small | 74 | 21 | 115889080538 | 74.3241 | 193.292 | 4288915
Rlog_NoSnap | Range_Small | 75 | 193 | 1755647993200 | 74.3241 | 193.292 | 4288915
Rlog_NoSnap | Range_Small | 76 | 57 | 373217383685 | 74.3241 | 193.292 | 4288915
Rlog_NoSnap | Range_Small | 77 | 6 | 36791632285 | 74.3241 | 193.292 | 4288915
Rlog_NoSnap | Range_Small | 78 | 14 | 64679200958 | 74.3241 | 193.292 | 4288915
Rlog_NoSnap | Range_Small | 79 | 7 | 29419315026 | 74.3241 | 193.292 | 4288915
Rlog_NoSnap | Range_Small | 80 | 32 | 169159433677 | 74.3241 | 193.292 | 4288915
Rlog_NoSnap | Range_Small | 81 | 19 | 76911222342 | 74.3241 | 193.292 | 4288915
Rlog_NoSnap | Range_Small | 82 | 26 | 180448329139 | 74.3241 | 193.292 | 4288915
Rlog_NoSnap | Range_Small | 83 | 6 | 25235680887 | 74.3241 | 193.292 | 4288915
Rlog_NoSnap | Range_Small | 84 | 12 | 75262948400 | 74.3241 | 193.292 | 4288915
Rlog_NoSnap | Range_Small | 85 | 12 | 75701376608 | 74.3241 | 193.292 | 4288915
Rlog_NoSnap | Range_Small | 86 | 22 | 102617147316 | 74.3241 | 193.292 | 4288915
Rlog_NoSnap | Range_Small | 87 | 52 | 420258724433 | 74.3241 | 193.292 | 4288915
Rlog_NoSnap | Range_Small | 88 | 68 | 444090789253 | 74.3241 | 193.292 | 4288915
Rlog_NoSnap | Range_Small | 89 | 16 | 67378291398 | 74.3241 | 193.292 | 4288915
Rlog_NoSnap | Range_Small | 90 | 7 | 54446188559 | 74.3241 | 193.292 | 4288915
Rlog_NoSnap | Range_Small | 91 | 39 | 123941598136 | 74.3241 | 193.292 | 4288915
Rlog_NoSnap | Range_Small | 92 | 97 | 788216769559 | 74.3241 | 193.292 | 4288915
Rlog_NoSnap | Range_Small | 93 | 95 | 888546835556 | 74.3241 | 193.292 | 4288915
Rlog_NoSnap | Range_Small | 94 | 938 | 8286210346609 | 74.3241 | 193.292 | 4288915
Rlog_NoSnap | Range_Small | 95 | 17 | 40305951284 | 74.3241 | 193.292 | 4288915
Rlog_NoSnap | Range_Small | 96 | 17 | 95793647740 | 74.3241 | 193.292 | 4288915
Rlog_NoSnap | Range_Small | 97 | 15 | 48307626664 | 74.3241 | 193.292 | 4288915
Rlog_NoSnap | Range_Small | 98 | 5 | 24701734710 | 74.3241 | 193.292 | 4288915
Rlog_NoSnap | Range_Small | 99 | 13 | 81801958022 | 74.3241 | 193.292 | 4288915
Rlog_NoSnap | Range_Med | 0 | 398 | 3374654384105 | 69.6453 | 193.292 | 4288915
Rlog_NoSnap | Range_Med | 1 | 573 | 3093935162452 | 69.6453 | 193.292 | 4288915
Rlog_NoSnap | Range_Med | 2 | 1172 | 9850401987632 | 69.6453 | 193.292 | 4288915
Rlog_NoSnap | Range_Med | 3 | 2764 | 23675143764724 | 69.6453 | 193.292 | 4288915
Rlog_NoSnap | Range_Med | 4 | 1057 | 5327938622223 | 69.6453 | 193.292 | 4288915
Rlog_NoSnap | Range_Med | 5 | 259 | 1392249812552 | 69.6453 | 193.292 | 4288915
Rlog_NoSnap | Range_Med | 6 | 1657 | 14692432068357 | 69.6453 | 193.292 | 4288915
Rlog_NoSnap | Range_Med | 7 | 5897 | 47488829284485 | 69.6453 | 193.292 | 4288915
Rlog_NoSnap | Range_Med | 8 | 315 | 1866377199302 | 69.6453 | 193.292 | 4288915
Rlog_NoSnap | Range_Med | 9 | 140 | 893160715037 | 69.6453 | 193.292 | 4288915
Rlog_NoSnap | Range_Med | 10 | 8834 | 76791772726658 | 69.6453 | 193.292 | 4288915
Rlog_NoSnap | Range_Med | 11 | 251 | 2102428832702 | 69.6453 | 193.292 | 4288915
Rlog_NoSnap | Range_Med | 12 | 1701 | 12251361224759 | 69.6453 | 193.292 | 4288915
Rlog_NoSnap | Range_Med | 13 | 13289 | 122857637720514 | 69.6453 | 193.292 | 4288915
Rlog_NoSnap | Range_Med | 14 | 863 | 5315628804962 | 69.6453 | 193.292 | 4288915
Rlog_NoSnap | Range_Med | 15 | 850 | 4496800071685 | 69.6453 | 193.292 | 4288915
Rlog_NoSnap | Range_Med | 16 | 802 | 3870229672608 | 69.6453 | 193.292 | 4288915
Rlog_NoSnap | Range_Med | 17 | 212 | 1094747251279 | 69.6453 | 193.292 | 4288915
Rlog_NoSnap | Range_Med | 18 | 2319 | 18257651063490 | 69.6453 | 193.292 | 4288915
Rlog_NoSnap | Range_Med | 19 | 606 | 3085479772128 | 69.6453 | 193.292 | 4288915
Rlog_NoSnap | Range_Med | 20 | 1225 | 7589729199800 | 69.6453 | 193.292 | 4288915
Rlog_NoSnap | Range_Med | 21 | 1757 | 13558623862404 | 69.6453 | 193.292 | 4288915
Rlog_NoSnap | Range_Med | 22 | 328 | 2372584712075 | 69.6453 | 193.292 | 4288915
Rlog_NoSnap | Range_Med | 23 | 881 | 8573071699359 | 69.6453 | 193.292 | 4288915
Rlog_NoSnap | Range_Med | 24 | 572 | 4271048784025 | 69.6453 | 193.292 | 4288915
Rlog_NoSnap | Range_Med | 25 | 2672 | 19448090299758 | 69.6453 | 193.292 | 4288915
Rlog_NoSnap | Range_Med | 26 | 3490 | 28691373975952 | 69.6453 | 193.292 | 4288915
Rlog_NoSnap | Range_Med | 27 | 1501 | 10697773400367 | 69.6453 | 193.292 | 4288915
Rlog_NoSnap | Range_Med | 28 | 34 | 119748120536 | 69.6453 | 193.292 | 4288915
Rlog_NoSnap | Range_Med | 29 | 6650 | 66012251900400 | 69.6453 | 193.292 | 4288915
Rlog_NoSnap | Range_Med | 30 | 474 | 2614709823443 | 69.6453 | 193.292 | 4288915
Rlog_NoSnap | Range_Med | 31 | 273 | 1812781149404 | 69.6453 | 193.292 | 4288915
Rlog_NoSnap | Range_Med | 32 | 122 | 489676504281 | 69.6453 | 193.292 | 4288915
Rlog_NoSnap | Range_Med | 33 | 923 | 7958178893387 | 69.6453 | 193.292 | 4288915
Rlog_NoSnap | Range_Med | 34 | 793 | 3194608426890 | 69.6453 | 193.292 | 4288915
Rlog_NoSnap | Range_Med | 35 | 326 | 1585600182301 | 69.6453 | 193.292 | 4288915
Rlog_NoSnap | Range_Med | 36 | 1390 | 11205662761406 | 69.6453 | 193.292 | 4288915
Rlog_NoSnap | Range_Med | 37 | 802 | 4489969507745 | 69.6453 | 193.292 | 4288915
Rlog_NoSnap | Range_Med | 38 | 423 | 2344029823929 | 69.6453 | 193.292 | 4288915
Rlog_NoSnap | Range_Med | 39 | 1218 | 6700931381197 | 69.6453 | 193.292 | 4288915
Rlog_NoSnap | Range_Med | 40 | 3569 | 27006770183173 | 69.6453 | 193.292 | 4288915
Rlog_NoSnap | Range_Med | 41 | 1857 | 16104214339416 | 69.6453 | 193.292 | 4288915
Rlog_NoSnap | Range_Med | 42 | 1007 | 6764862922611 | 69.6453 | 193.292 | 4288915
Rlog_NoSnap | Range_Med | 43 | 287 | 1143165483202 | 69.6453 | 193.292 | 4288915
Rlog_NoSnap | Range_Med | 44 | 850 | 6741167630821 | 69.6453 | 193.292 | 4288915
Rlog_NoSnap | Range_Med | 45 | 473 | 3701232757183 | 69.6453 | 193.292 | 4288915
Rlog_NoSnap | Range_Med | 46 | 576 | 2538178086324 | 69.6453 | 193.292 | 4288915
Rlog_NoSnap | Range_Med | 47 | 437 | 1854859526811 | 69.6453 | 193.292 | 4288915
Rlog_NoSnap | Range_Med | 48 | 68 | 196755611074 | 69.6453 | 193.292 | 4288915
Rlog_NoSnap | Range_Med | 49 | 640 | 4799055700555 | 69.6453 | 193.292 | 4288915
Rlog_NoSnap | Range_Med | 50 | 1275 | 9849965202564 | 69.6453 | 193.292 | 4288915
Rlog_NoSnap | Range_Med | 51 | 281 | 1682582894151 | 69.6453 | 193.292 | 4288915
Rlog_NoSnap | Range_Med | 52 | 444 | 3627115996528 | 69.6453 | 193.292 | 4288915
Rlog_NoSnap | Range_Med | 53 | 517 | 2980439106395 | 69.6453 | 193.292 | 4288915
Rlog_NoSnap | Range_Med | 54 | 8589 | 72132890847188 | 69.6453 | 193.292 | 4288915
Rlog_NoSnap | Range_Med | 55 | 367 | 2421720344360 | 69.6453 | 193.292 | 4288915
Rlog_NoSnap | Range_Med | 56 | 1028 | 5468472836713 | 69.6453 | 193.292 | 4288915
Rlog_NoSnap | Range_Med | 57 | 665 | 2794380899520 | 69.6453 | 193.292 | 4288915
Rlog_NoSnap | Range_Med | 58 | 742 | 6598489212427 | 69.6453 | 193.292 | 4288915
Rlog_NoSnap | Range_Med | 59 | 3728 | 32861380191956 | 69.6453 | 193.292 | 4288915
Rlog_NoSnap | Range_Med | 60 | 349 | 1704170762868 | 69.6453 | 193.292 | 4288915
Rlog_NoSnap | Range_Med | 61 | 1169 | 9734868842626 | 69.6453 | 193.292 | 4288915
Rlog_NoSnap | Range_Med | 62 | 2186 | 17467117558977 | 69.6453 | 193.292 | 4288915
Rlog_NoSnap | Range_Med | 63 | 2106 | 18008142361768 | 69.6453 | 193.292 | 4288915
Rlog_NoSnap | Range_Med | 64 | 1235 | 10432892927495 | 69.6453 | 193.292 | 4288915
Rlog_NoSnap | Range_Med | 65 | 986 | 5467721717877 | 69.6453 | 193.292 | 4288915
Rlog_NoSnap | Range_Med | 66 | 727 | 4920882117871 | 69.6453 | 193.292 | 4288915
Rlog_NoSnap | Range_Med | 67 | 360 | 2681544996807 | 69.6453 | 193.292 | 4288915
Rlog_NoSnap | Range_Med | 68 | 240 | 1765492358519 | 69.6453 | 193.292 | 4288915
Rlog_NoSnap | Range_Med | 69 | 585 | 2933202371814 | 69.6453 | 193.292 | 4288915
Rlog_NoSnap | Range_Med | 70 | 1121 | 7249280438156 | 69.6453 | 193.292 | 4288915
Rlog_NoSnap | Range_Med | 71 | 46 | 209860916426 | 69.6453 | 193.292 | 4288915
Rlog_NoSnap | Range_Med | 72 | 569 | 3965285963142 | 69.6453 | 193.292 | 4288915
Rlog_NoSnap | Range_Med | 73 | 215 | 925655782347 | 69.6453 | 193.292 | 4288915
Rlog_NoSnap | Range_Med | 74 | 993 | 5781748711169 | 69.6453 | 193.292 | 4288915
Rlog_NoSnap | Range_Med | 75 | 288 | 2128352121093 | 69.6453 | 193.292 | 4288915
Rlog_NoSnap | Range_Med | 76 | 570 | 2402796432035 | 69.6453 | 193.292 | 4288915
Rlog_NoSnap | Range_Med | 77 | 1337 | 7472929523301 | 69.6453 | 193.292 | 4288915
Rlog_NoSnap | Range_Med | 78 | 18919 | 165404593744304 | 69.6453 | 193.292 | 4288915
Rlog_NoSnap | Range_Med | 79 | 499 | 4432401993540 | 69.6453 | 193.292 | 4288915
Rlog_NoSnap | Range_Med | 80 | 1311 | 10891582664717 | 69.6453 | 193.292 | 4288915
Rlog_NoSnap | Range_Med | 81 | 1140 | 9525279136870 | 69.6453 | 193.292 | 4288915
Rlog_NoSnap | Range_Med | 82 | 4800 | 44316850236564 | 69.6453 | 193.292 | 4288915
Rlog_NoSnap | Range_Med | 83 | 7581 | 66575189821812 | 69.6453 | 193.292 | 4288915
Rlog_NoSnap | Range_Med | 84 | 388 | 2605077485981 | 69.6453 | 193.292 | 4288915
Rlog_NoSnap | Range_Med | 85 | 2519 | 21467817839343 | 69.6453 | 193.292 | 4288915
Rlog_NoSnap | Range_Med | 86 | 822 | 6368690312158 | 69.6453 | 193.292 | 4288915
Rlog_NoSnap | Range_Med | 87 | 1927 | 14003358716587 | 69.6453 | 193.292 | 4288915
Rlog_NoSnap | Range_Med | 88 | 593 | 3133780343308 | 69.6453 | 193.292 | 4288915
Rlog_NoSnap | Range_Med | 89 | 1219 | 10140779445850 | 69.6453 | 193.292 | 4288915
Rlog_NoSnap | Range_Med | 90 | 117 | 899589426657 | 69.6453 | 193.292 | 4288915
Rlog_NoSnap | Range_Med | 91 | 1498 | 10883994535948 | 69.6453 | 193.292 | 4288915
Rlog_NoSnap | Range_Med | 92 | 2280 | 17884513254582 | 69.6453 | 193.292 | 4288915
Rlog_NoSnap | Range_Med | 93 | 1395 | 10218682214374 | 69.6453 | 193.292 | 4288915
Rlog_NoSnap | Range_Med | 94 | 1018 | 7920464955494 | 69.6453 | 193.292 | 4288915
Rlog_NoSnap | Range_Med | 95 | 6431 | 59926343195417 | 69.6453 | 193.292 | 4288915
Rlog_NoSnap | Range_Med | 96 | 4286 | 39264011956806 | 69.6453 | 193.292 | 4288915
Rlog_NoSnap | Range_Med | 97 | 1924 | 15517882841392 | 69.6453 | 193.292 | 4288915
Rlog_NoSnap | Range_Med | 98 | 4016 | 33925920043661 | 69.6453 | 193.292 | 4288915
Rlog_NoSnap | Range_Med | 99 | 2038 | 15737023777137 | 69.6453 | 193.292 | 4288915
Rlog_NoSnap | Range_Large | 0 | 2634 | 14515301670745 | 72.7181 | 193.292 | 4288915
Rlog_NoSnap | Range_Large | 1 | 1358 | 8833848749728 | 72.7181 | 193.292 | 4288915
Rlog_NoSnap | Range_Large | 2 | 5609 | 47998197094645 | 72.7181 | 193.292 | 4288915
Rlog_NoSnap | Range_Large | 3 | 5505 | 38352309635408 | 72.7181 | 193.292 | 4288915
Rlog_NoSnap | Range_Large | 4 | 6230 | 47615013759333 | 72.7181 | 193.292 | 4288915
Rlog_NoSnap | Range_Large | 5 | 886 | 3817913899533 | 72.7181 | 193.292 | 4288915
Rlog_NoSnap | Range_Large | 6 | 1258 | 6146288098499 | 72.7181 | 193.292 | 4288915
Rlog_NoSnap | Range_Large | 7 | 16208 | 137132332197070 | 72.7181 | 193.292 | 4288915
Rlog_NoSnap | Range_Large | 8 | 4124 | 33154731829062 | 72.7181 | 193.292 | 4288915
Rlog_NoSnap | Range_Large | 9 | 2979 | 21919299228920 | 72.7181 | 193.292 | 4288915
Rlog_NoSnap | Range_Large | 10 | 2766 | 15407019209419 | 72.7181 | 193.292 | 4288915
Rlog_NoSnap | Range_Large | 11 | 4225 | 26035768338085 | 72.7181 | 193.292 | 4288915
Rlog_NoSnap | Range_Large | 12 | 11772 | 94053114214852 | 72.7181 | 193.292 | 4288915
Rlog_NoSnap | Range_Large | 13 | 3767 | 21619836331368 | 72.7181 | 193.292 | 4288915
Rlog_NoSnap | Range_Large | 14 | 8684 | 67877730505519 | 72.7181 | 193.292 | 4288915
Rlog_NoSnap | Range_Large | 15 | 1595 | 8354227307962 | 72.7181 | 193.292 | 4288915
Rlog_NoSnap | Range_Large | 16 | 7428 | 58154250129469 | 72.7181 | 193.292 | 4288915
Rlog_NoSnap | Range_Large | 17 | 6747 | 41622540222545 | 72.7181 | 193.292 | 4288915
Rlog_NoSnap | Range_Large | 18 | 13405 | 106004312076050 | 72.7181 | 193.292 | 4288915
Rlog_NoSnap | Range_Large | 19 | 19167 | 152624426034446 | 72.7181 | 193.292 | 4288915
Rlog_NoSnap | Range_Large | 20 | 7494 | 57911132253014 | 72.7181 | 193.292 | 4288915
Rlog_NoSnap | Range_Large | 21 | 30884 | 276482251220736 | 72.7181 | 193.292 | 4288915
Rlog_NoSnap | Range_Large | 22 | 1741 | 11756073458608 | 72.7181 | 193.292 | 4288915
Rlog_NoSnap | Range_Large | 23 | 3920 | 28754516043223 | 72.7181 | 193.292 | 4288915
Rlog_NoSnap | Range_Large | 24 | 9180 | 73343401771580 | 72.7181 | 193.292 | 4288915
Rlog_NoSnap | Range_Large | 25 | 3185 | 23129532726072 | 72.7181 | 193.292 | 4288915
Rlog_NoSnap | Range_Large | 26 | 14812 | 93003529820604 | 72.7181 | 193.292 | 4288915
Rlog_NoSnap | Range_Large | 27 | 2030 | 11777977426621 | 72.7181 | 193.292 | 4288915
Rlog_NoSnap | Range_Large | 28 | 26698 | 226495038823926 | 72.7181 | 193.292 | 4288915
Rlog_NoSnap | Range_Large | 29 | 31546 | 259345342615274 | 72.7181 | 193.292 | 4288915
Rlog_NoSnap | Range_Large | 30 | 3664 | 19311252461691 | 72.7181 | 193.292 | 4288915
Rlog_NoSnap | Range_Large | 31 | 11945 | 105790663270369 | 72.7181 | 193.292 | 4288915
Rlog_NoSnap | Range_Large | 32 | 3510 | 23414256519376 | 72.7181 | 193.292 | 4288915
Rlog_NoSnap | Range_Large | 33 | 28177 | 244927245720747 | 72.7181 | 193.292 | 4288915
Rlog_NoSnap | Range_Large | 34 | 1763 | 10024010615225 | 72.7181 | 193.292 | 4288915
Rlog_NoSnap | Range_Large | 35 | 4215 | 25655999065118 | 72.7181 | 193.292 | 4288915
Rlog_NoSnap | Range_Large | 36 | 4050 | 28024866637135 | 72.7181 | 193.292 | 4288915
Rlog_NoSnap | Range_Large | 37 | 4628 | 39299596395912 | 72.7181 | 193.292 | 4288915
Rlog_NoSnap | Range_Large | 38 | 25278 | 232073631447947 | 72.7181 | 193.292 | 4288915
Rlog_NoSnap | Range_Large | 39 | 10518 | 96674457902089 | 72.7181 | 193.292 | 4288915
Rlog_NoSnap | Range_Large | 40 | 4458 | 24288846198254 | 72.7181 | 193.292 | 4288915
Rlog_NoSnap | Range_Large | 41 | 14726 | 121870371375749 | 72.7181 | 193.292 | 4288915
Rlog_NoSnap | Range_Large | 42 | 110139 | 981232247278285 | 72.7181 | 193.292 | 4288915
Rlog_NoSnap | Range_Large | 43 | 6944 | 58706788007183 | 72.7181 | 193.292 | 4288915
Rlog_NoSnap | Range_Large | 44 | 918 | 6147727333332 | 72.7181 | 193.292 | 4288915
Rlog_NoSnap | Range_Large | 45 | 3177 | 13839587284086 | 72.7181 | 193.292 | 4288915
Rlog_NoSnap | Range_Large | 46 | 11731 | 96578683779952 | 72.7181 | 193.292 | 4288915
Rlog_NoSnap | Range_Large | 47 | 23027 | 197971644585012 | 72.7181 | 193.292 | 4288915
Rlog_NoSnap | Range_Large | 48 | 16017 | 140054201146709 | 72.7181 | 193.292 | 4288915
Rlog_NoSnap | Range_Large | 49 | 6561 | 39185351336632 | 72.7181 | 193.292 | 4288915
Rlog_NoSnap | Range_Large | 50 | 6601 | 53340899146453 | 72.7181 | 193.292 | 4288915
Rlog_NoSnap | Range_Large | 51 | 3353 | 23290764597930 | 72.7181 | 193.292 | 4288915
Rlog_NoSnap | Range_Large | 52 | 3665 | 19573190786128 | 72.7181 | 193.292 | 4288915
Rlog_NoSnap | Range_Large | 53 | 1984 | 10761340265643 | 72.7181 | 193.292 | 4288915
Rlog_NoSnap | Range_Large | 54 | 1380 | 6094030813151 | 72.7181 | 193.292 | 4288915
Rlog_NoSnap | Range_Large | 55 | 2629 | 12329137380491 | 72.7181 | 193.292 | 4288915
Rlog_NoSnap | Range_Large | 56 | 32746 | 290044997217337 | 72.7181 | 193.292 | 4288915
Rlog_NoSnap | Range_Large | 57 | 3591 | 21433694711147 | 72.7181 | 193.292 | 4288915
Rlog_NoSnap | Range_Large | 58 | 2572 | 12372689965840 | 72.7181 | 193.292 | 4288915
Rlog_NoSnap | Range_Large | 59 | 6751 | 53271206337329 | 72.7181 | 193.292 | 4288915
Rlog_NoSnap | Range_Large | 60 | 9811 | 78764982685789 | 72.7181 | 193.292 | 4288915
Rlog_NoSnap | Range_Large | 61 | 8431 | 65449165781265 | 72.7181 | 193.292 | 4288915
Rlog_NoSnap | Range_Large | 62 | 1897 | 10692843889378 | 72.7181 | 193.292 | 4288915
Rlog_NoSnap | Range_Large | 63 | 33036 | 296180168005314 | 72.7181 | 193.292 | 4288915
Rlog_NoSnap | Range_Large | 64 | 11341 | 82410577779444 | 72.7181 | 193.292 | 4288915
Rlog_NoSnap | Range_Large | 65 | 3513 | 17614721572043 | 72.7181 | 193.292 | 4288915
Rlog_NoSnap | Range_Large | 66 | 9990 | 68612537060566 | 72.7181 | 193.292 | 4288915
Rlog_NoSnap | Range_Large | 67 | 53336 | 500761370310717 | 72.7181 | 193.292 | 4288915
Rlog_NoSnap | Range_Large | 68 | 14525 | 121345741145312 | 72.7181 | 193.292 | 4288915
Rlog_NoSnap | Range_Large | 69 | 7904 | 64382019736515 | 72.7181 | 193.292 | 4288915
Rlog_NoSnap | Range_Large | 70 | 3192 | 14434399977696 | 72.7181 | 193.292 | 4288915
Rlog_NoSnap | Range_Large | 71 | 5003 | 29159187768482 | 72.7181 | 193.292 | 4288915
Rlog_NoSnap | Range_Large | 72 | 25658 | 224078452052732 | 72.7181 | 193.292 | 4288915
Rlog_NoSnap | Range_Large | 73 | 4133 | 17399209891884 | 72.7181 | 193.292 | 4288915
Rlog_NoSnap | Range_Large | 74 | 2734 | 13041371473278 | 72.7181 | 193.292 | 4288915
Rlog_NoSnap | Range_Large | 75 | 13168 | 108485020437810 | 72.7181 | 193.292 | 4288915
Rlog_NoSnap | Range_Large | 76 | 19808 | 178429215835799 | 72.7181 | 193.292 | 4288915
Rlog_NoSnap | Range_Large | 77 | 17748 | 149198684358036 | 72.7181 | 193.292 | 4288915
Rlog_NoSnap | Range_Large | 78 | 2716 | 11941705233150 | 72.7181 | 193.292 | 4288915
Rlog_NoSnap | Range_Large | 79 | 6300 | 39451552832522 | 72.7181 | 193.292 | 4288915
Rlog_NoSnap | Range_Large | 80 | 21281 | 176054605134457 | 72.7181 | 193.292 | 4288915
Rlog_NoSnap | Range_Large | 81 | 13002 | 105364284631114 | 72.7181 | 193.292 | 4288915
Rlog_NoSnap | Range_Large | 82 | 8811 | 56211831708994 | 72.7181 | 193.292 | 4288915
Rlog_NoSnap | Range_Large | 83 | 2939 | 24558790824912 | 72.7181 | 193.292 | 4288915
Rlog_NoSnap | Range_Large | 84 | 6474 | 51040088621014 | 72.7181 | 193.292 | 4288915
Rlog_NoSnap | Range_Large | 85 | 1036 | 5092413294168 | 72.7181 | 193.292 | 4288915
Rlog_NoSnap | Range_Large | 86 | 3347 | 19327939824239 | 72.7181 | 193.292 | 4288915
Rlog_NoSnap | Range_Large | 87 | 4266 | 33785195393417 | 72.7181 | 193.292 | 4288915
Rlog_NoSnap | Range_Large | 88 | 8222 | 72676169099613 | 72.7181 | 193.292 | 4288915
Rlog_NoSnap | Range_Large | 89 | 13985 | 121548324377084 | 72.7181 | 193.292 | 4288915
Rlog_NoSnap | Range_Large | 90 | 2639 | 19336097422019 | 72.7181 | 193.292 | 4288915
Rlog_NoSnap | Range_Large | 91 | 19824 | 189371133400263 | 72.7181 | 193.292 | 4288915
Rlog_NoSnap | Range_Large | 92 | 5994 | 43599404912319 | 72.7181 | 193.292 | 4288915
Rlog_NoSnap | Range_Large | 93 | 8937 | 80715669149359 | 72.7181 | 193.292 | 4288915
Rlog_NoSnap | Range_Large | 94 | 1968 | 12418687079478 | 72.7181 | 193.292 | 4288915
Rlog_NoSnap | Range_Large | 95 | 20558 | 175476414954505 | 72.7181 | 193.292 | 4288915
Rlog_NoSnap | Range_Large | 96 | 17329 | 146788096296755 | 72.7181 | 193.292 | 4288915
Rlog_NoSnap | Range_Large | 97 | 1546 | 9696331007052 | 72.7181 | 193.292 | 4288915
Rlog_NoSnap | Range_Large | 98 | 4206 | 28703373051147 | 72.7181 | 193.292 | 4288915
Rlog_NoSnap | Range_Large | 99 | 2857 | 21459320939608 | 72.7181 | 193.292 | 4288915
Rlog_NoSnap | KNN_1 | 0 | 1 | 3422351048 | 67.8617 | 193.292 | 4288915
Rlog_NoSnap | KNN_1 | 1 | 1 | 5872364876 | 67.8617 | 193.292 | 4288915
Rlog_NoSnap | KNN_1 | 2 | 1 | 4212418921 | 67.8617 | 193.292 | 4288915
Rlog_NoSnap | KNN_1 | 3 | 1 | 4145188784 | 67.8617 | 193.292 | 4288915
Rlog_NoSnap | KNN_1 | 4 | 1 | 5879523861 | 67.8617 | 193.292 | 4288915
Rlog_NoSnap | KNN_1 | 5 | 1 | 3976495565 | 67.8617 | 193.292 | 4288915
Rlog_NoSnap | KNN_1 | 6 | 1 | 4179152875 | 67.8617 | 193.292 | 4288915
Rlog_NoSnap | KNN_1 | 7 | 1 | 5902544953 | 67.8617 | 193.292 | 4288915
Rlog_NoSnap | KNN_1 | 8 | 1 | 4659933975 | 67.8617 | 193.292 | 4288915
Rlog_NoSnap | KNN_1 | 9 | 1 | 6228012826 | 67.8617 | 193.292 | 4288915
Rlog_NoSnap | KNN_1 | 10 | 1 | 4606181511 | 67.8617 | 193.292 | 4288915
Rlog_NoSnap | KNN_1 | 11 | 1 | 7015140142 | 67.8617 | 193.292 | 4288915
Rlog_NoSnap | KNN_1 | 12 | 1 | 6668143791 | 67.8617 | 193.292 | 4288915
Rlog_NoSnap | KNN_1 | 13 | 1 | 5859605547 | 67.8617 | 193.292 | 4288915
Rlog_NoSnap | KNN_1 | 14 | 1 | 4165368523 | 67.8617 | 193.292 | 4288915
Rlog_NoSnap | KNN_1 | 15 | 1 | 5859618502 | 67.8617 | 193.292 | 4288915
Rlog_NoSnap | KNN_1 | 16 | 1 | 7516175795 | 67.8617 | 193.292 | 4288915
Rlog_NoSnap | KNN_1 | 17 | 1 | 3460272126 | 67.8617 | 193.292 | 4288915
Rlog_NoSnap | KNN_1 | 18 | 1 | 3477513376 | 67.8617 | 193.292 | 4288915
Rlog_NoSnap | KNN_1 | 19 | 1 | 5626333956 | 67.8617 | 193.292 | 4288915
Rlog_NoSnap | KNN_1 | 20 | 1 | 4575899877 | 67.8617 | 193.292 | 4288915
Rlog_NoSnap | KNN_1 | 21 | 1 | 7023593215 | 67.8617 | 193.292 | 4288915
Rlog_NoSnap | KNN_1 | 22 | 1 | 3522679801 | 67.8617 | 193.292 | 4288915
Rlog_NoSnap | KNN_1 | 23 | 1 | 7778027389 | 67.8617 | 193.292 | 4288915
Rlog_NoSnap | KNN_1 | 24 | 1 | 1985373036 | 67.8617 | 193.292 | 4288915
Rlog_NoSnap | KNN_1 | 25 | 1 | 4214893058 | 67.8617 | 193.292 | 4288915
Rlog_NoSnap | KNN_1 | 26 | 1 | 3637987546 | 67.8617 | 193.292 | 4288915
Rlog_NoSnap | KNN_1 | 27 | 1 | 6536738360 | 67.8617 | 193.292 | 4288915
Rlog_NoSnap | KNN_1 | 28 | 1 | 4015654977 | 67.8617 | 193.292 | 4288915
Rlog_NoSnap | KNN_1 | 29 | 1 | 3491062078 | 67.8617 | 193.292 | 4288915
Rlog_NoSnap | KNN_1 | 30 | 1 | 4325472863 | 67.8617 | 193.292 | 4288915
Rlog_NoSnap | KNN_1 | 31 | 1 | 4214891429 | 67.8617 | 193.292 | 4288915
Rlog_NoSnap | KNN_1 | 32 | 1 | 5955447698 | 67.8617 | 193.292 | 4288915
Rlog_NoSnap | KNN_1 | 33 | 1 | 5869450954 | 67.8617 | 193.292 | 4288915
Rlog_NoSnap | KNN_1 | 34 | 1 | 4846935166 | 67.8617 | 193.292 | 4288915
Rlog_NoSnap | KNN_1 | 35 | 1 | 4610683686 | 67.8617 | 193.292 | 4288915
Rlog_NoSnap | KNN_1 | 36 | 1 | 6538749209 | 67.8617 | 193.292 | 4288915
Rlog_NoSnap | KNN_1 | 37 | 1 | 7642903598 | 67.8617 | 193.292 | 4288915
Rlog_NoSnap | KNN_1 | 38 | 1 | 4179192388 | 67.8617 | 193.292 | 4288915
Rlog_NoSnap | KNN_1 | 39 | 1 | 4311281346 | 67.8617 | 193.292 | 4288915
Rlog_NoSnap | KNN_1 | 40 | 1 | 5914665030 | 67.8617 | 193.292 | 4288915
Rlog_NoSnap | KNN_1 | 41 | 1 | 5907960730 | 67.8617 | 193.292 | 4288915
Rlog_NoSnap | KNN_1 | 42 | 1 | 4203300233 | 67.8617 | 193.292 | 4288915
Rlog_NoSnap | KNN_1 | 43 | 1 | 4606180716 | 67.8617 | 193.292 | 4288915
Rlog_NoSnap | KNN_1 | 44 | 1 | 4223375754 | 67.8617 | 193.292 | 4288915
Rlog_NoSnap | KNN_1 | 45 | 1 | 4659932798 | 67.8617 | 193.292 | 4288915
Rlog_NoSnap | KNN_1 | 46 | 1 | 3731788360 | 67.8617 | 193.292 | 4288915
Rlog_NoSnap | KNN_1 | 47 | 1 | 4001344362 | 67.8617 | 193.292 | 4288915
Rlog_NoSnap | KNN_1 | 48 | 1 | 5749909273 | 67.8617 | 193.292 | 4288915
Rlog_NoSnap | KNN_1 | 49 | 1 | 4179422760 | 67.8617 | 193.292 | 4288915
Rlog_NoSnap | KNN_1 | 50 | 1 | 7517481831 | 67.8617 | 193.292 | 4288915
Rlog_NoSnap | KNN_1 | 51 | 1 | 3460329169 | 67.8617 | 193.292 | 4288915
Rlog_NoSnap | KNN_1 | 52 | 1 | 3460272437 | 67.8617 | 193.292 | 4288915
Rlog_NoSnap | KNN_1 | 53 | 1 | 3423511278 | 67.8617 | 193.292 | 4288915
Rlog_NoSnap | KNN_1 | 54 | 1 | 3413557261 | 67.8617 | 193.292 | 4288915
Rlog_NoSnap | KNN_1 | 55 | 1 | 3538666378 | 67.8617 | 193.292 | 4288915
Rlog_NoSnap | KNN_1 | 56 | 1 | 4234541431 | 67.8617 | 193.292 | 4288915
Rlog_NoSnap | KNN_1 | 57 | 1 | 4095431864 | 67.8617 | 193.292 | 4288915
Rlog_NoSnap | KNN_1 | 58 | 1 | 7001655279 | 67.8617 | 193.292 | 4288915
Rlog_NoSnap | KNN_1 | 59 | 1 | 5628341349 | 67.8617 | 193.292 | 4288915
Rlog_NoSnap | KNN_1 | 60 | 1 | 4315515958 | 67.8617 | 193.292 | 4288915
Rlog_NoSnap | KNN_1 | 61 | 1 | 4210576168 | 67.8617 | 193.292 | 4288915
Rlog_NoSnap | KNN_1 | 62 | 1 | 8241480754 | 67.8617 | 193.292 | 4288915
Rlog_NoSnap | KNN_1 | 63 | 1 | 3423766175 | 67.8617 | 193.292 | 4288915
Rlog_NoSnap | KNN_1 | 64 | 1 | 1467074853 | 67.8617 | 193.292 | 4288915
Rlog_NoSnap | KNN_1 | 65 | 1 | 4843299423 | 67.8617 | 193.292 | 4288915
Rlog_NoSnap | KNN_1 | 66 | 1 | 5476895488 | 67.8617 | 193.292 | 4288915
Rlog_NoSnap | KNN_1 | 67 | 1 | 6638905707 | 67.8617 | 193.292 | 4288915
Rlog_NoSnap | KNN_1 | 68 | 1 | 4326813917 | 67.8617 | 193.292 | 4288915
Rlog_NoSnap | KNN_1 | 69 | 1 | 1988313020 | 67.8617 | 193.292 | 4288915
Rlog_NoSnap | KNN_1 | 70 | 1 | 3960271367 | 67.8617 | 193.292 | 4288915
Rlog_NoSnap | KNN_1 | 71 | 1 | 3460342896 | 67.8617 | 193.292 | 4288915
Rlog_NoSnap | KNN_1 | 72 | 1 | 6247592047 | 67.8617 | 193.292 | 4288915
Rlog_NoSnap | KNN_1 | 73 | 1 | 4314256673 | 67.8617 | 193.292 | 4288915
Rlog_NoSnap | KNN_1 | 74 | 1 | 4661321485 | 67.8617 | 193.292 | 4288915
Rlog_NoSnap | KNN_1 | 75 | 1 | 3418428776 | 67.8617 | 193.292 | 4288915
Rlog_NoSnap | KNN_1 | 76 | 1 | 7023624193 | 67.8617 | 193.292 | 4288915
Rlog_NoSnap | KNN_1 | 77 | 1 | 5902515870 | 67.8617 | 193.292 | 4288915
Rlog_NoSnap | KNN_1 | 78 | 1 | 4209810085 | 67.8617 | 193.292 | 4288915
Rlog_NoSnap | KNN_1 | 79 | 1 | 4896828545 | 67.8617 | 193.292 | 4288915
Rlog_NoSnap | KNN_1 | 80 | 1 | 904877561 | 67.8617 | 193.292 | 4288915
Rlog_NoSnap | KNN_1 | 81 | 1 | 4167776030 | 67.8617 | 193.292 | 4288915
Rlog_NoSnap | KNN_1 | 82 | 1 | 5909855758 | 67.8617 | 193.292 | 4288915
Rlog_NoSnap | KNN_1 | 83 | 1 | 3460344031 | 67.8617 | 193.292 | 4288915
Rlog_NoSnap | KNN_1 | 84 | 1 | 4182127715 | 67.8617 | 193.292 | 4288915
Rlog_NoSnap | KNN_1 | 85 | 1 | 5909832177 | 67.8617 | 193.292 | 4288915
Rlog_NoSnap | KNN_1 | 86 | 1 | 3799929144 | 67.8617 | 193.292 | 4288915
Rlog_NoSnap | KNN_1 | 87 | 1 | 5902515623 | 67.8617 | 193.292 | 4288915
Rlog_NoSnap | KNN_1 | 88 | 1 | 3003311770 | 67.8617 | 193.292 | 4288915
Rlog_NoSnap | KNN_1 | 89 | 1 | 8071572809 | 67.8617 | 193.292 | 4288915
Rlog_NoSnap | KNN_1 | 90 | 1 | 4204082348 | 67.8617 | 193.292 | 4288915
Rlog_NoSnap | KNN_1 | 91 | 1 | 4231498862 | 67.8617 | 193.292 | 4288915
Rlog_NoSnap | KNN_1 | 92 | 1 | 3999815199 | 67.8617 | 193.292 | 4288915
Rlog_NoSnap | KNN_1 | 93 | 1 | 4201793620 | 67.8617 | 193.292 | 4288915
Rlog_NoSnap | KNN_1 | 94 | 1 | 4606115793 | 67.8617 | 193.292 | 4288915
Rlog_NoSnap | KNN_1 | 95 | 1 | 4014789495 | 67.8617 | 193.292 | 4288915
Rlog_NoSnap | KNN_1 | 96 | 1 | 8008201570 | 67.8617 | 193.292 | 4288915
Rlog_NoSnap | KNN_1 | 97 | 1 | 4001422016 | 67.8617 | 193.292 | 4288915
Rlog_NoSnap | KNN_1 | 98 | 1 | 1987290119 | 67.8617 | 193.292 | 4288915
Rlog_NoSnap | KNN_1 | 99 | 1 | 4165368042 | 67.8617 | 193.292 | 4288915
Rlog_NoSnap | KNN_10 | 0 | 10 | 80505300177 | 67.6144 | 193.292 | 4288915
Rlog_NoSnap | KNN_10 | 1 | 10 | 47587917168 | 67.6144 | 193.292 | 4288915
Rlog_NoSnap | KNN_10 | 2 | 10 | 43327880199 | 67.6144 | 193.292 | 4288915
Rlog_NoSnap | KNN_10 | 3 | 10 | 65338160678 | 67.6144 | 193.292 | 4288915
Rlog_NoSnap | KNN_10 | 4 | 10 | 62859114733 | 67.6144 | 193.292 | 4288915
Rlog_NoSnap | KNN_10 | 5 | 10 | 44244988372 | 67.6144 | 193.292 | 4288915
Rlog_NoSnap | KNN_10 | 6 | 10 | 61103762233 | 67.6144 | 193.292 | 4288915
Rlog_NoSnap | KNN_10 | 7 | 10 | 58156859249 | 67.6144 | 193.292 | 4288915
Rlog_NoSnap | KNN_10 | 8 | 10 | 65200065119 | 67.6144 | 193.292 | 4288915
Rlog_NoSnap | KNN_10 | 9 | 10 | 42120857073 | 67.6144 | 193.292 | 4288915
Rlog_NoSnap | KNN_10 | 10 | 10 | 81362157607 | 67.6144 | 193.292 | 4288915
Rlog_NoSnap | KNN_10 | 11 | 10 | 65263520507 | 67.6144 | 193.292 | 4288915
Rlog_NoSnap | KNN_10 | 12 | 10 | 47023062745 | 67.6144 | 193.292 | 4288915
Rlog_NoSnap | KNN_10 | 13 | 10 | 62392320781 | 67.6144 | 193.292 | 4288915
Rlog_NoSnap | KNN_10 | 14 | 10 | 62505762267 | 67.6144 | 193.292 | 4288915
Rlog_NoSnap | KNN_10 | 15 | 10 | 86534003116 | 67.6144 | 193.292 | 4288915
Rlog_NoSnap | KNN_10 | 16 | 10 | 97387865192 | 67.6144 | 193.292 | 4288915
Rlog_NoSnap | KNN_10 | 17 | 10 | 64521896305 | 67.6144 | 193.292 | 4288915
Rlog_NoSnap | KNN_10 | 18 | 10 | 48451470720 | 67.6144 | 193.292 | 4288915
Rlog_NoSnap | KNN_10 | 19 | 10 | 46062618496 | 67.6144 | 193.292 | 4288915
Rlog_NoSnap | KNN_10 | 20 | 10 | 69437397734 | 67.6144 | 193.292 | 4288915
Rlog_NoSnap | KNN_10 | 21 | 10 | 80494124243 | 67.6144 | 193.292 | 4288915
Rlog_NoSnap | KNN_10 | 22 | 10 | 68647484146 | 67.6144 | 193.292 | 4288915
Rlog_NoSnap | KNN_10 | 23 | 10 | 31234523812 | 67.6144 | 193.292 | 4288915
Rlog_NoSnap | KNN_10 | 24 | 10 | 52887641564 | 67.6144 | 193.292 | 4288915
Rlog_NoSnap | KNN_10 | 25 | 10 | 59187374992 | 67.6144 | 193.292 | 4288915
Rlog_NoSnap | KNN_10 | 26 | 10 | 66108365119 | 67.6144 | 193.292 | 4288915
Rlog_NoSnap | KNN_10 | 27 | 10 | 39868902423 | 67.6144 | 193.292 | 4288915
Rlog_NoSnap | KNN_10 | 28 | 10 | 43066860574 | 67.6144 | 193.292 | 4288915
Rlog_NoSnap | KNN_10 | 29 | 10 | 42120898164 | 67.6144 | 193.292 | 4288915
Rlog_NoSnap | KNN_10 | 30 | 10 | 81726714862 | 67.6144 | 193.292 | 4288915
Rlog_NoSnap | KNN_10 | 31 | 10 | 48450757655 | 67.6144 | 193.292 | 4288915
Rlog_NoSnap | KNN_10 | 32 | 10 | 38014367868 | 67.6144 | 193.292 | 4288915
Rlog_NoSnap | KNN_10 | 33 | 10 | 19885213109 | 67.6144 | 193.292 | 4288915
Rlog_NoSnap | KNN_10 | 34 | 10 | 42120906886 | 67.6144 | 193.292 | 4288915
Rlog_NoSnap | KNN_10 | 35 | 10 | 37305406580 | 67.6144 | 193.292 | 4288915
Rlog_NoSnap | KNN_10 | 36 | 10 | 83832423195 | 67.6144 | 193.292 | 4288915
Rlog_NoSnap | KNN_10 | 37 | 10 | 40691085264 | 67.6144 | 193.292 | 4288915
Rlog_NoSnap | KNN_10 | 38 | 10 | 46529709939 | 67.6144 | 193.292 | 4288915
Rlog_NoSnap | KNN_10 | 39 | 10 | 57341777815 | 67.6144 | 193.292 | 4288915
Rlog_NoSnap | KNN_10 | 40 | 10 | 57899726246 | 67.6144 | 193.292 | 4288915
Rlog_NoSnap | KNN_10 | 41 | 10 | 43805573859 | 67.6144 | 193.292 | 4288915
Rlog_NoSnap | KNN_10 | 42 | 10 | 41449155634 | 67.6144 | 193.292 | 4288915
Rlog_NoSnap | KNN_10 | 43 | 10 | 75930904575 | 67.6144 | 193.292 | 4288915
Rlog_NoSnap | KNN_10 | 44 | 10 | 58021656247 | 67.6144 | 193.292 | 4288915
Rlog_NoSnap | KNN_10 | 45 | 10 | 62367717096 | 67.6144 | 193.292 | 4288915
Rlog_NoSnap | KNN_10 | 46 | 10 | 14522493867 | 67.6144 | 193.292 | 4288915
Rlog_NoSnap | KNN_10 | 47 | 10 | 52808371475 | 67.6144 | 193.292 | 4288915
Rlog_NoSnap | KNN_10 | 48 | 10 | 81428245212 | 67.6144 | 193.292 | 4288915
Rlog_NoSnap | KNN_10 | 49 | 10 | 69759381011 | 67.6144 | 193.292 | 4288915
Rlog_NoSnap | KNN_10 | 50 | 10 | 34184946457 | 67.6144 | 193.292 | 4288915
Rlog_NoSnap | KNN_10 | 51 | 10 | 78013486187 | 67.6144 | 193.292 | 4288915
Rlog_NoSnap | KNN_10 | 52 | 10 | 47912645666 | 67.6144 | 193.292 | 4288915
Rlog_NoSnap | KNN_10 | 53 | 10 | 70903146857 | 67.6144 | 193.292 | 4288915
Rlog_NoSnap | KNN_10 | 54 | 10 | 50782428492 | 67.6144 | 193.292 | 4288915
Rlog_NoSnap | KNN_10 | 55 | 10 | 58895651200 | 67.6144 | 193.292 | 4288915
Rlog_NoSnap | KNN_10 | 56 | 10 | 35226783655 | 67.6144 | 193.292 | 4288915
Rlog_NoSnap | KNN_10 | 57 | 10 | 39750198570 | 67.6144 | 193.292 | 4288915
Rlog_NoSnap | KNN_10 | 58 | 10 | 76136677582 | 67.6144 | 193.292 | 4288915
Rlog_NoSnap | KNN_10 | 59 | 10 | 56508925144 | 67.6144 | 193.292 | 4288915
Rlog_NoSnap | KNN_10 | 60 | 10 | 46568345205 | 67.6144 | 193.292 | 4288915
Rlog_NoSnap | KNN_10 | 61 | 10 | 48002866591 | 67.6144 | 193.292 | 4288915
Rlog_NoSnap | KNN_10 | 62 | 10 | 34135269475 | 67.6144 | 193.292 | 4288915
Rlog_NoSnap | KNN_10 | 63 | 10 | 70823609172 | 67.6144 | 193.292 | 4288915
Rlog_NoSnap | KNN_10 | 64 | 10 | 40897217840 | 67.6144 | 193.292 | 4288915
Rlog_NoSnap | KNN_10 | 65 | 10 | 42120883943 | 67.6144 | 193.292 | 4288915
Rlog_NoSnap | KNN_10 | 66 | 10 | 59499232556 | 67.6144 | 193.292 | 4288915
Rlog_NoSnap | KNN_10 | 67 | 10 | 41031239526 | 67.6144 | 193.292 | 4288915
Rlog_NoSnap | KNN_10 | 68 | 10 | 52808102037 | 67.6144 | 193.292 | 4288915
Rlog_NoSnap | KNN_10 | 69 | 10 | 42098041341 | 67.6144 | 193.292 | 4288915
Rlog_NoSnap | KNN_10 | 70 | 10 | 42724476888 | 67.6144 | 193.292 | 4288915
Rlog_NoSnap | KNN_10 | 71 | 10 | 39769666846 | 67.6144 | 193.292 | 4288915
Rlog_NoSnap | KNN_10 | 72 | 10 | 58885427045 | 67.6144 | 193.292 | 4288915
Rlog_NoSnap | KNN_10 | 73 | 10 | 72175303372 | 67.6144 | 193.292 | 4288915
Rlog_NoSnap | KNN_10 | 74 | 10 | 42233806154 | 67.6144 | 193.292 | 4288915
Rlog_NoSnap | KNN_10 | 75 | 10 | 79084746318 | 67.6144 | 193.292 | 4288915
Rlog_NoSnap | KNN_10 | 76 | 10 | 46320735428 | 67.6144 | 193.292 | 4288915
Rlog_NoSnap | KNN_10 | 77 | 10 | 43321836466 | 67.6144 | 193.292 | 4288915
Rlog_NoSnap | KNN_10 | 78 | 10 | 45758409874 | 67.6144 | 193.292 | 4288915
Rlog_NoSnap | KNN_10 | 79 | 10 | 40147442601 | 67.6144 | 193.292 | 4288915
Rlog_NoSnap | KNN_10 | 80 | 10 | 79740900195 | 67.6144 | 193.292 | 4288915
Rlog_NoSnap | KNN_10 | 81 | 10 | 49916187503 | 67.6144 | 193.292 | 4288915
Rlog_NoSnap | KNN_10 | 82 | 10 | 39883466721 | 67.6144 | 193.292 | 4288915
Rlog_NoSnap | KNN_10 | 83 | 10 | 43195001772 | 67.6144 | 193.292 | 4288915
Rlog_NoSnap | KNN_10 | 84 | 10 | 79277035790 | 67.6144 | 193.292 | 4288915
Rlog_NoSnap | KNN_10 | 85 | 10 | 82184712657 | 67.6144 | 193.292 | 4288915
Rlog_NoSnap | KNN_10 | 86 | 10 | 69324676780 | 67.6144 | 193.292 | 4288915
Rlog_NoSnap | KNN_10 | 87 | 10 | 46595561834 | 67.6144 | 193.292 | 4288915
Rlog_NoSnap | KNN_10 | 88 | 10 | 82288522981 | 67.6144 | 193.292 | 4288915
Rlog_NoSnap | KNN_10 | 89 | 10 | 71144546240 | 67.6144 | 193.292 | 4288915
Rlog_NoSnap | KNN_10 | 90 | 10 | 31400813896 | 67.6144 | 193.292 | 4288915
Rlog_NoSnap | KNN_10 | 91 | 10 | 30971122602 | 67.6144 | 193.292 | 4288915
Rlog_NoSnap | KNN_10 | 92 | 10 | 66545793920 | 67.6144 | 193.292 | 4288915
Rlog_NoSnap | KNN_10 | 93 | 10 | 25350703415 | 67.6144 | 193.292 | 4288915
Rlog_NoSnap | KNN_10 | 94 | 10 | 40033954007 | 67.6144 | 193.292 | 4288915
Rlog_NoSnap | KNN_10 | 95 | 10 | 47390032952 | 67.6144 | 193.292 | 4288915
Rlog_NoSnap | KNN_10 | 96 | 10 | 43184545068 | 67.6144 | 193.292 | 4288915
Rlog_NoSnap | KNN_10 | 97 | 10 | 19869345021 | 67.6144 | 193.292 | 4288915
Rlog_NoSnap | KNN_10 | 98 | 10 | 41792350949 | 67.6144 | 193.292 | 4288915
Rlog_NoSnap | KNN_10 | 99 | 10 | 34603288004 | 67.6144 | 193.292 | 4288915
Rlog_NoSnap | KNN_100 | 0 | 100 | 427157932208 | 68.7583 | 193.292 | 4288915
Rlog_NoSnap | KNN_100 | 1 | 100 | 494670290098 | 68.7583 | 193.292 | 4288915
Rlog_NoSnap | KNN_100 | 2 | 100 | 393703729923 | 68.7583 | 193.292 | 4288915
Rlog_NoSnap | KNN_100 | 3 | 100 | 713289705564 | 68.7583 | 193.292 | 4288915
Rlog_NoSnap | KNN_100 | 4 | 100 | 578444684923 | 68.7583 | 193.292 | 4288915
Rlog_NoSnap | KNN_100 | 5 | 100 | 699599793028 | 68.7583 | 193.292 | 4288915
Rlog_NoSnap | KNN_100 | 6 | 100 | 299875653468 | 68.7583 | 193.292 | 4288915
Rlog_NoSnap | KNN_100 | 7 | 100 | 706289374214 | 68.7583 | 193.292 | 4288915
Rlog_NoSnap | KNN_100 | 8 | 100 | 838575769065 | 68.7583 | 193.292 | 4288915
Rlog_NoSnap | KNN_100 | 9 | 100 | 533114937457 | 68.7583 | 193.292 | 4288915
Rlog_NoSnap | KNN_100 | 10 | 100 | 439349930536 | 68.7583 | 193.292 | 4288915
Rlog_NoSnap | KNN_100 | 11 | 100 | 488618249268 | 68.7583 | 193.292 | 4288915
Rlog_NoSnap | KNN_100 | 12 | 100 | 446037230182 | 68.7583 | 193.292 | 4288915
Rlog_NoSnap | KNN_100 | 13 | 100 | 350307812449 | 68.7583 | 193.292 | 4288915
Rlog_NoSnap | KNN_100 | 14 | 100 | 593852667341 | 68.7583 | 193.292 | 4288915
Rlog_NoSnap | KNN_100 | 15 | 100 | 763591667175 | 68.7583 | 193.292 | 4288915
Rlog_NoSnap | KNN_100 | 16 | 100 | 281943116581 | 68.7583 | 193.292 | 4288915
Rlog_NoSnap | KNN_100 | 17 | 100 | 495660817460 | 68.7583 | 193.292 | 4288915
Rlog_NoSnap | KNN_100 | 18 | 100 | 549917051337 | 68.7583 | 193.292 | 4288915
Rlog_NoSnap | KNN_100 | 19 | 100 | 904323015308 | 68.7583 | 193.292 | 4288915
Rlog_NoSnap | KNN_100 | 20 | 100 | 652213559818 | 68.7583 | 193.292 | 4288915
Rlog_NoSnap | KNN_100 | 21 | 100 | 430172944317 | 68.7583 | 193.292 | 4288915
Rlog_NoSnap | KNN_100 | 22 | 100 | 592188086848 | 68.7583 | 193.292 | 4288915
Rlog_NoSnap | KNN_100 | 23 | 100 | 720008948904 | 68.7583 | 193.292 | 4288915
Rlog_NoSnap | KNN_100 | 24 | 100 | 347115902196 | 68.7583 | 193.292 | 4288915
Rlog_NoSnap | KNN_100 | 25 | 100 | 693128199271 | 68.7583 | 193.292 | 4288915
Rlog_NoSnap | KNN_100 | 26 | 100 | 448795172474 | 68.7583 | 193.292 | 4288915
Rlog_NoSnap | KNN_100 | 27 | 100 | 588429459302 | 68.7583 | 193.292 | 4288915
Rlog_NoSnap | KNN_100 | 28 | 100 | 680876627106 | 68.7583 | 193.292 | 4288915
Rlog_NoSnap | KNN_100 | 29 | 100 | 459083366482 | 68.7583 | 193.292 | 4288915
Rlog_NoSnap | KNN_100 | 30 | 100 | 827006713527 | 68.7583 | 193.292 | 4288915
Rlog_NoSnap | KNN_100 | 31 | 100 | 792093785527 | 68.7583 | 193.292 | 4288915
Rlog_NoSnap | KNN_100 | 32 | 100 | 657567829088 | 68.7583 | 193.292 | 4288915
Rlog_NoSnap | KNN_100 | 33 | 100 | 737265258097 | 68.7583 | 193.292 | 4288915
Rlog_NoSnap | KNN_100 | 34 | 100 | 693214917801 | 68.7583 | 193.292 | 4288915
Rlog_NoSnap | KNN_100 | 35 | 100 | 372403983488 | 68.7583 | 193.292 | 4288915
Rlog_NoSnap | KNN_100 | 36 | 100 | 736807797532 | 68.7583 | 193.292 | 4288915
Rlog_NoSnap | KNN_100 | 37 | 100 | 654506662873 | 68.7583 | 193.292 | 4288915
Rlog_NoSnap | KNN_100 | 38 | 100 | 923921594604 | 68.7583 | 193.292 | 4288915
Rlog_NoSnap | KNN_100 | 39 | 100 | 538185521005 | 68.7583 | 193.292 | 4288915
Rlog_NoSnap | KNN_100 | 40 | 100 | 801303827414 | 68.7583 | 193.292 | 4288915
Rlog_NoSnap | KNN_100 | 41 | 100 | 365900979039 | 68.7583 | 193.292 | 4288915
Rlog_NoSnap | KNN_100 | 42 | 100 | 454865481364 | 68.7583 | 193.292 | 4288915
Rlog_NoSnap | KNN_100 | 43 | 100 | 438810445418 | 68.7583 | 193.292 | 4288915
Rlog_NoSnap | KNN_100 | 44 | 100 | 677439774402 | 68.7583 | 193.292 | 4288915
Rlog_NoSnap | KNN_100 | 45 | 100 | 679665594957 | 68.7583 | 193.292 | 4288915
Rlog_NoSnap | KNN_100 | 46 | 100 | 807402721075 | 68.7583 | 193.292 | 4288915
Rlog_NoSnap | KNN_100 | 47 | 100 | 523319307217 | 68.7583 | 193.292 | 4288915
Rlog_NoSnap | KNN_100 | 48 | 100 | 806306047427 | 68.7583 | 193.292 | 4288915
Rlog_NoSnap | KNN_100 | 49 | 100 | 773376743846 | 68.7583 | 193.292 | 4288915
Rlog_NoSnap | KNN_100 | 50 | 100 | 698396872822 | 68.7583 | 193.292 | 4288915
Rlog_NoSnap | KNN_100 | 51 | 100 | 812819971571 | 68.7583 | 193.292 | 4288915
Rlog_NoSnap | KNN_100 | 52 | 100 | 579277163019 | 68.7583 | 193.292 | 4288915
Rlog_NoSnap | KNN_100 | 53 | 100 | 708178218607 | 68.7583 | 193.292 | 4288915
Rlog_NoSnap | KNN_100 | 54 | 100 | 847611471570 | 68.7583 | 193.292 | 4288915
Rlog_NoSnap | KNN_100 | 55 | 100 | 912426758404 | 68.7583 | 193.292 | 4288915
Rlog_NoSnap | KNN_100 | 56 | 100 | 462920892900 | 68.7583 | 193.292 | 4288915
Rlog_NoSnap | KNN_100 | 57 | 100 | 765127309373 | 68.7583 | 193.292 | 4288915
Rlog_NoSnap | KNN_100 | 58 | 100 | 570557313968 | 68.7583 | 193.292 | 4288915
Rlog_NoSnap | KNN_100 | 59 | 100 | 876437704903 | 68.7583 | 193.292 | 4288915
Rlog_NoSnap | KNN_100 | 60 | 100 | 407918293542 | 68.7583 | 193.292 | 4288915
Rlog_NoSnap | KNN_100 | 61 | 100 | 813618311405 | 68.7583 | 193.292 | 4288915
Rlog_NoSnap | KNN_100 | 62 | 100 | 494278865427 | 68.7583 | 193.292 | 4288915
Rlog_NoSnap | KNN_100 | 63 | 100 | 627009381875 | 68.7583 | 193.292 | 4288915
Rlog_NoSnap | KNN_100 | 64 | 100 | 701370145007 | 68.7583 | 193.292 | 4288915
Rlog_NoSnap | KNN_100 | 65 | 100 | 918811396228 | 68.7583 | 193.292 | 4288915
Rlog_NoSnap | KNN_100 | 66 | 100 | 823442529316 | 68.7583 | 193.292 | 4288915
Rlog_NoSnap | KNN_100 | 67 | 100 | 757832259120 | 68.7583 | 193.292 | 4288915
Rlog_NoSnap | KNN_100 | 68 | 100 | 427597870389 | 68.7583 | 193.292 | 4288915
Rlog_NoSnap | KNN_100 | 69 | 100 | 910040166042 | 68.7583 | 193.292 | 4288915
Rlog_NoSnap | KNN_100 | 70 | 100 | 482404707936 | 68.7583 | 193.292 | 4288915
Rlog_NoSnap | KNN_100 | 71 | 100 | 719068416340 | 68.7583 | 193.292 | 4288915
Rlog_NoSnap | KNN_100 | 72 | 100 | 705514930156 | 68.7583 | 193.292 | 4288915
Rlog_NoSnap | KNN_100 | 73 | 100 | 826931999059 | 68.7583 | 193.292 | 4288915
Rlog_NoSnap | KNN_100 | 74 | 100 | 768127515956 | 68.7583 | 193.292 | 4288915
Rlog_NoSnap | KNN_100 | 75 | 100 | 524614486458 | 68.7583 | 193.292 | 4288915
Rlog_NoSnap | KNN_100 | 76 | 100 | 411724167668 | 68.7583 | 193.292 | 4288915
Rlog_NoSnap | KNN_100 | 77 | 100 | 630445748871 | 68.7583 | 193.292 | 4288915
Rlog_NoSnap | KNN_100 | 78 | 100 | 308379612658 | 68.7583 | 193.292 | 4288915
Rlog_NoSnap | KNN_100 | 79 | 100 | 425522679271 | 68.7583 | 193.292 | 4288915
Rlog_NoSnap | KNN_100 | 80 | 100 | 720056556649 | 68.7583 | 193.292 | 4288915
Rlog_NoSnap | KNN_100 | 81 | 100 | 562244028006 | 68.7583 | 193.292 | 4288915
Rlog_NoSnap | KNN_100 | 82 | 100 | 779113220750 | 68.7583 | 193.292 | 4288915
Rlog_NoSnap | KNN_100 | 83 | 100 | 485886039693 | 68.7583 | 193.292 | 4288915
Rlog_NoSnap | KNN_100 | 84 | 100 | 659938858945 | 68.7583 | 193.292 | 4288915
Rlog_NoSnap | KNN_100 | 85 | 100 | 514341674353 | 68.7583 | 193.292 | 4288915
Rlog_NoSnap | KNN_100 | 86 | 100 | 867047493361 | 68.7583 | 193.292 | 4288915
Rlog_NoSnap | KNN_100 | 87 | 100 | 490822682042 | 68.7583 | 193.292 | 4288915
Rlog_NoSnap | KNN_100 | 88 | 100 | 679191100291 | 68.7583 | 193.292 | 4288915
Rlog_NoSnap | KNN_100 | 89 | 100 | 414484985403 | 68.7583 | 193.292 | 4288915
Rlog_NoSnap | KNN_100 | 90 | 100 | 915091596915 | 68.7583 | 193.292 | 4288915
Rlog_NoSnap | KNN_100 | 91 | 100 | 972487616491 | 68.7583 | 193.292 | 4288915
Rlog_NoSnap | KNN_100 | 92 | 100 | 772909025869 | 68.7583 | 193.292 | 4288915
Rlog_NoSnap | KNN_100 | 93 | 100 | 639191336054 | 68.7583 | 193.292 | 4288915
Rlog_NoSnap | KNN_100 | 94 | 100 | 752991504276 | 68.7583 | 193.292 | 4288915
Rlog_NoSnap | KNN_100 | 95 | 100 | 672451344704 | 68.7583 | 193.292 | 4288915
Rlog_NoSnap | KNN_100 | 96 | 100 | 420793199708 | 68.7583 | 193.292 | 4288915
Rlog_NoSnap | KNN_100 | 97 | 100 | 848527560381 | 68.7583 | 193.292 | 4288915
Rlog_NoSnap | KNN_100 | 98 | 100 | 654374467128 | 68.7583 | 193.292 | 4288915
Rlog_NoSnap | KNN_100 | 99 | 100 | 761286273733 | 68.7583 | 193.292 | 4288915
