Algo | QType | QID | Count | Hash | Time_ms | Mem_MB | Nodes
Rlog_NoSnap | Range_Small | 0 | 13 | 77370775039 | 6.58735 | 174.575 | 3880049
Rlog_NoSnap | Range_Small | 1 | 32 | 53711026007 | 6.58735 | 174.575 | 3880049
Rlog_NoSnap | Range_Small | 2 | 22 | 129856243729 | 6.58735 | 174.575 | 3880049
Rlog_NoSnap | Range_Small | 3 | 23 | 125861566061 | 6.58735 | 174.575 | 3880049
Rlog_NoSnap | Range_Small | 4 | 12 | 62231256115 | 6.58735 | 174.575 | 3880049
Rlog_NoSnap | Range_Small | 5 | 8 | 24044512384 | 6.58735 | 174.575 | 3880049
Rlog_NoSnap | Range_Small | 6 | 7 | 30210729085 | 6.58735 | 174.575 | 3880049
Rlog_NoSnap | Range_Small | 7 | 25 | 137139152206 | 6.58735 | 174.575 | 3880049
Rlog_NoSnap | Range_Small | 8 | 20 | 69205439825 | 6.58735 | 174.575 | 3880049
Rlog_NoSnap | Range_Small | 9 | 22 | 111590590455 | 6.58735 | 174.575 | 3880049
Rlog_NoSnap | Range_Small | 10 | 5 | 10444192042 | 6.58735 | 174.575 | 3880049
Rlog_NoSnap | Range_Small | 11 | 159 | 1224908840390 | 6.58735 | 174.575 | 3880049
Rlog_NoSnap | Range_Small | 12 | 27 | 152094047076 | 6.58735 | 174.575 | 3880049
Rlog_NoSnap | Range_Small | 13 | 64 | 498902711018 | 6.58735 | 174.575 | 3880049
Rlog_NoSnap | Range_Small | 14 | 9 | 62398590491 | 6.58735 | 174.575 | 3880049
Rlog_NoSnap | Range_Small | 15 | 9 | 42692757318 | 6.58735 | 174.575 | 3880049
Rlog_NoSnap | Range_Small | 16 | 17 | 94167736767 | 6.58735 | 174.575 | 3880049
Rlog_NoSnap | Range_Small | 17 | 17 | 54936443278 | 6.58735 | 174.575 | 3880049
Rlog_NoSnap | Range_Small | 18 | 91 | 300755550064 | 6.58735 | 174.575 | 3880049
Rlog_NoSnap | Range_Small | 19 | 11 | 49462926783 | 6.58735 | 174.575 | 3880049
Rlog_NoSnap | Range_Small | 20 | 40 | 276082178268 | 6.58735 | 174.575 | 3880049
Rlog_NoSnap | Range_Small | 21 | 8 | 20530185936 | 6.58735 | 174.575 | 3880049
Rlog_NoSnap | Range_Small | 22 | 15 | 121533916642 | 6.58735 | 174.575 | 3880049
Rlog_NoSnap | Range_Small | 23 | 41 | 316751500055 | 6.58735 | 174.575 | 3880049
Rlog_NoSnap | Range_Small | 24 | 24 | 85875862369 | 6.58735 | 174.575 | 3880049
Rlog_NoSnap | Range_Small | 25 | 23 | 109186965647 | 6.58735 | 174.575 | 3880049
Rlog_NoSnap | Range_Small | 26 | 19 | 86547374841 | 6.58735 | 174.575 | 3880049
Rlog_NoSnap | Range_Small | 27 | 17 | 135957155180 | 6.58735 | 174.575 | 3880049
Rlog_NoSnap | Range_Small | 28 | 19 | 76366734289 | 6.58735 | 174.575 | 3880049
Rlog_NoSnap | Range_Small | 29 | 6 | 39220518399 | 6.58735 | 174.575 | 3880049
Rlog_NoSnap | Range_Small | 30 | 24 | 119721156575 | 6.58735 | 174.575 | 3880049
Rlog_NoSnap | Range_Small | 31 | 9 | 38807608900 | 6.58735 | 174.575 | 3880049
Rlog_NoSnap | Range_Small | 32 | 43 | 326466680123 | 6.58735 | 174.575 | 3880049
Rlog_NoSnap | Range_Small | 33 | 43 | 197983429584 | 6.58735 | 174.575 | 3880049
Rlog_NoSnap | Range_Small | 34 | 47 | 335607728439 | 6.58735 | 174.575 | 3880049
Rlog_NoSnap | Range_Small | 35 | 26 | 119038116735 | 6.58735 | 174.575 | 3880049
Rlog_NoSnap | Range_Small | 36 | 26 | 144321353783 | 6.58735 | 174.575 | 3880049
Rlog_NoSnap | Range_Small | 37 | 7 | 27834564444 | 6.58735 | 174.575 | 3880049
Rlog_NoSnap | Range_Small | 38 | 22 | 93085338743 | 6.58735 | 174.575 | 3880049
Rlog_NoSnap | Range_Small | 39 | 23 | 144058810345 | 6.58735 | 174.575 | 3880049
Rlog_NoSnap | Range_Small | 40 | 9 | 65014688263 | 6.58735 | 174.575 | 3880049
Rlog_NoSnap | Range_Small | 41 | 30 | 236699744426 | 6.58735 | 174.575 | 3880049
Rlog_NoSnap | Range_Small | 42 | 20 | 144042841331 | 6.58735 | 174.575 | 3880049
Rlog_NoSnap | Range_Small | 43 | 26 | 109746726127 | 6.58735 | 174.575 | 3880049
Rlog_NoSnap | Range_Small | 44 | 17 | 118507044284 | 6.58735 | 174.575 | 3880049
Rlog_NoSnap | Range_Small | 45 | 421 | 3596916433530 | 6.58735 | 174.575 | 3880049
Rlog_NoSnap | Range_Small | 46 | 13 | 55049055046 | 6.58735 | 174.575 | 3880049
Rlog_NoSnap | Range_Small | 47 | 17 | 67184759025 | 6.58735 | 174.575 | 3880049
Rlog_NoSnap | Range_Small | 48 | 198 | 1993098198593 | 6.58735 | 174.575 | 3880049
Rlog_NoSnap | Range_Small | 49 | 30 | 213510504440 | 6.58735 | 174.575 | 3880049
Rlog_NoSnap | Range_Small | 50 | 28 | 180664455452 | 6.58735 | 174.575 | 3880049
Rlog_NoSnap | Range_Small | 51 | 33 | 170949516973 | 6.58735 | 174.575 | 3880049
Rlog_NoSnap | Range_Small | 52 | 27 | 113726440350 | 6.58735 | 174.575 | 3880049
Rlog_NoSnap | Range_Small | 53 | 33 | 234478734443 | 6.58735 | 174.575 | 3880049
Rlog_NoSnap | Range_Small | 54 | 261 | 2512873875977 | 6.58735 | 174.575 | 3880049
Rlog_NoSnap | Range_Small | 55 | 30 | 141023065508 | 6.58735 | 174.575 | 3880049
Rlog_NoSnap | Range_Small | 56 | 74 | 690193354441 | 6.58735 | 174.575 | 3880049
Rlog_NoSnap | Range_Small | 57 | 9 | 39700892006 | 6.58735 | 174.575 | 3880049
Rlog_NoSnap | Range_Small | 58 | 9 | 70594327845 | 6.58735 | 174.575 | 3880049
Rlog_NoSnap | Range_Small | 59 | 12 | 77427663192 | 6.58735 | 174.575 | 3880049
Rlog_NoSnap | Range_Small | 60 | 14 | 82032329885 | 6.58735 | 174.575 | 3880049
Rlog_NoSnap | Range_Small | 61 | 72 | 610685637097 | 6.58735 | 174.575 | 3880049
Rlog_NoSnap | Range_Small | 62 | 35 | 222736003842 | 6.58735 | 174.575 | 3880049
Rlog_NoSnap | Range_Small | 63 | 12 | 67037267883 | 6.58735 | 174.575 | 3880049
Rlog_NoSnap | Range_Small | 64 | 23 | 160937214155 | 6.58735 | 174.575 | 3880049
Rlog_NoSnap | Range_Small | 65 | 29 | 175744685654 | 6.58735 | 174.575 | 3880049
Rlog_NoSnap | Range_Small | 66 | 16 | 114527890192 | 6.58735 | 174.575 | 3880049
Rlog_NoSnap | Range_Small | 67 | 24 | 79451503086 | 6.58735 | 174.575 | 3880049
Rlog_NoSnap | Range_Small | 68 | 12 | 62455255635 | 6.58735 | 174.575 | 3880049
Rlog_NoSnap | Range_Small | 69 | 28 | 118567150726 | 6.58735 | 174.575 | 3880049
Rlog_NoSnap | Range_Small | 70 | 23 | 96914505325 | 6.58735 | 174.575 | 3880049
Rlog_NoSnap | Range_Small | 71 | 10 | 45787739933 | 6.58735 | 174.575 | 3880049
Rlog_NoSnap | Range_Small | 72 | 8 | 34163189116 | 6.58735 | 174.575 | 3880049
Rlog_NoSnap | Range_Small | 73 | 56 | 367092482539 | 6.58735 | 174.575 | 3880049
Rlog_NoSnap | Range_Small | 74 | 21 | 115889080538 | 6.58735 | 174.575 | 3880049
Rlog_NoSnap | Range_Small | 75 | 193 | 1755647993200 | 6.58735 | 174.575 | 3880049
Rlog_NoSnap | Range_Small | 76 | 57 | 373217383685 | 6.58735 | 174.575 | 3880049
Rlog_NoSnap | Range_Small | 77 | 6 | 36791632285 | 6.58735 | 174.575 | 3880049
Rlog_NoSnap | Range_Small | 78 | 14 | 64679200958 | 6.58735 | 174.575 | 3880049
Rlog_NoSnap | Range_Small | 79 | 7 | 29419315026 | 6.58735 | 174.575 | 3880049
Rlog_NoSnap | Range_Small | 80 | 32 | 169159433677 | 6.58735 | 174.575 | 3880049
Rlog_NoSnap | Range_Small | 81 | 19 | 76911222342 | 6.58735 | 174.575 | 3880049
Rlog_NoSnap | Range_Small | 82 | 26 | 180448329139 | 6.58735 | 174.575 | 3880049
Rlog_NoSnap | Range_Small | 83 | 6 | 25235680887 | 6.58735 | 174.575 | 3880049
Rlog_NoSnap | Range_Small | 84 | 12 | 75262948400 | 6.58735 | 174.575 | 3880049
Rlog_NoSnap | Range_Small | 85 | 12 | 75701376608 | 6.58735 | 174.575 | 3880049
Rlog_NoSnap | Range_Small | 86 | 22 | 102617147316 | 6.58735 | 174.575 | 3880049
Rlog_NoSnap | Range_Small | 87 | 52 | 420258724433 | 6.58735 | 174.575 | 3880049
Rlog_NoSnap | Range_Small | 88 | 68 | 444090789253 | 6.58735 | 174.575 | 3880049
Rlog_NoSnap | Range_Small | 89 | 16 | 67378291398 | 6.58735 | 174.575 | 3880049
Rlog_NoSnap | Range_Small | 90 | 7 | 54446188559 | 6.58735 | 174.575 | 3880049
Rlog_NoSnap | Range_Small | 91 | 39 | 123941598136 | 6.58735 | 174.575 | 3880049
Rlog_NoSnap | Range_Small | 92 | 97 | 788216769559 | 6.58735 | 174.575 | 3880049
Rlog_NoSnap | Range_Small | 93 | 95 | 888546835556 | 6.58735 | 174.575 | 3880049
Rlog_NoSnap | Range_Small | 94 | 938 | 8286210346609 | 6.58735 | 174.575 | 3880049
Rlog_NoSnap | Range_Small | 95 | 17 | 40305951284 | 6.58735 | 174.575 | 3880049
Rlog_NoSnap | Range_Small | 96 | 17 | 95793647740 | 6.58735 | 174.575 | 3880049
Rlog_NoSnap | Range_Small | 97 | 15 | 48307626664 | 6.58735 | 174.575 | 3880049
Rlog_NoSnap | Range_Small | 98 | 5 | 24701734710 | 6.58735 | 174.575 | 3880049
Rlog_NoSnap | Range_Small | 99 | 13 | 81801958022 | 6.58735 | 174.575 | 3880049
Rlog_NoSnap | Range_Med | 0 | 398 | 3374654384105 | 6.63557 | 174.575 | 3880049
Rlog_NoSnap | Range_Med | 1 | 573 | 3093935162452 | 6.63557 | 174.575 | 3880049
Rlog_NoSnap | Range_Med | 2 | 1172 | 9850401987632 | 6.63557 | 174.575 | 3880049
Rlog_NoSnap | Range_Med | 3 | 2764 | 23675143764724 | 6.63557 | 174.575 | 3880049
Rlog_NoSnap | Range_Med | 4 | 1057 | 5327938622223 | 6.63557 | 174.575 | 3880049
Rlog_NoSnap | Range_Med | 5 | 259 | 1392249812552 | 6.63557 | 174.575 | 3880049
Rlog_NoSnap | Range_Med | 6 | 1657 | 14692432068357 | 6.63557 | 174.575 | 3880049
Rlog_NoSnap | Range_Med | 7 | 5897 | 47488829284485 | 6.63557 | 174.575 | 3880049
Rlog_NoSnap | Range_Med | 8 | 315 | 1866377199302 | 6.63557 | 174.575 | 3880049
Rlog_NoSnap | Range_Med | 9 | 140 | 893160715037 | 6.63557 | 174.575 | 3880049
Rlog_NoSnap | Range_Med | 10 | 8834 | 76791772726658 | 6.63557 | 174.575 | 3880049
Rlog_NoSnap | Range_Med | 11 | 251 | 2102428832702 | 6.63557 | 174.575 | 3880049
Rlog_NoSnap | Range_Med | 12 | 1701 | 12251361224759 | 6.63557 | 174.575 | 3880049
Rlog_NoSnap | Range_Med | 13 | 13289 | 122857637720514 | 6.63557 | 174.575 | 3880049
Rlog_NoSnap | Range_Med | 14 | 863 | 5315628804962 | 6.63557 | 174.575 | 3880049
Rlog_NoSnap | Range_Med | 15 | 850 | 4496800071685 | 6.63557 | 174.575 | 3880049
Rlog_NoSnap | Range_Med | 16 | 802 | 3870229672608 | 6.63557 | 174.575 | 3880049
Rlog_NoSnap | Range_Med | 17 | 212 | 1094747251279 | 6.63557 | 174.575 | 3880049
Rlog_NoSnap | Range_Med | 18 | 2319 | 18257651063490 | 6.63557 | 174.575 | 3880049
Rlog_NoSnap | Range_Med | 19 | 606 | 3085479772128 | 6.63557 | 174.575 | 3880049
Rlog_NoSnap | Range_Med | 20 | 1225 | 7589729199800 | 6.63557 | 174.575 | 3880049
Rlog_NoSnap | Range_Med | 21 | 1757 | 13558623862404 | 6.63557 | 174.575 | 3880049
Rlog_NoSnap | Range_Med | 22 | 328 | 2372584712075 | 6.63557 | 174.575 | 3880049
Rlog_NoSnap | Range_Med | 23 | 881 | 8573071699359 | 6.63557 | 174.575 | 3880049
Rlog_NoSnap | Range_Med | 24 | 572 | 4271048784025 | 6.63557 | 174.575 | 3880049
Rlog_NoSnap | Range_Med | 25 | 2672 | 19448090299758 | 6.63557 | 174.575 | 3880049
Rlog_NoSnap | Range_Med | 26 | 3490 | 28691373975952 | 6.63557 | 174.575 | 3880049
Rlog_NoSnap | Range_Med | 27 | 1501 | 10697773400367 | 6.63557 | 174.575 | 3880049
Rlog_NoSnap | Range_Med | 28 | 34 | 119748120536 | 6.63557 | 174.575 | 3880049
Rlog_NoSnap | Range_Med | 29 | 6650 | 66012251900400 | 6.63557 | 174.575 | 3880049
Rlog_NoSnap | Range_Med | 30 | 474 | 2614709823443 | 6.63557 | 174.575 | 3880049
Rlog_NoSnap | Range_Med | 31 | 273 | 1812781149404 | 6.63557 | 174.575 | 3880049
Rlog_NoSnap | Range_Med | 32 | 122 | 489676504281 | 6.63557 | 174.575 | 3880049
Rlog_NoSnap | Range_Med | 33 | 923 | 7958178893387 | 6.63557 | 174.575 | 3880049
Rlog_NoSnap | Range_Med | 34 | 793 | 3194608426890 | 6.63557 | 174.575 | 3880049
Rlog_NoSnap | Range_Med | 35 | 326 | 1585600182301 | 6.63557 | 174.575 | 3880049
Rlog_NoSnap | Range_Med | 36 | 1390 | 11205662761406 | 6.63557 | 174.575 | 3880049
Rlog_NoSnap | Range_Med | 37 | 802 | 4489969507745 | 6.63557 | 174.575 | 3880049
Rlog_NoSnap | Range_Med | 38 | 423 | 2344029823929 | 6.63557 | 174.575 | 3880049
Rlog_NoSnap | Range_Med | 39 | 1218 | 6700931381197 | 6.63557 | 174.575 | 3880049
Rlog_NoSnap | Range_Med | 40 | 3569 | 27006770183173 | 6.63557 | 174.575 | 3880049
Rlog_NoSnap | Range_Med | 41 | 1857 | 16104214339416 | 6.63557 | 174.575 | 3880049
Rlog_NoSnap | Range_Med | 42 | 1007 | 6764862922611 | 6.63557 | 174.575 | 3880049
Rlog_NoSnap | Range_Med | 43 | 287 | 1143165483202 | 6.63557 | 174.575 | 3880049
Rlog_NoSnap | Range_Med | 44 | 850 | 6741167630821 | 6.63557 | 174.575 | 3880049
Rlog_NoSnap | Range_Med | 45 | 473 | 3701232757183 | 6.63557 | 174.575 | 3880049
Rlog_NoSnap | Range_Med | 46 | 576 | 2538178086324 | 6.63557 | 174.575 | 3880049
Rlog_NoSnap | Range_Med | 47 | 437 | 1854859526811 | 6.63557 | 174.575 | 3880049
Rlog_NoSnap | Range_Med | 48 | 68 | 196755611074 | 6.63557 | 174.575 | 3880049
Rlog_NoSnap | Range_Med | 49 | 640 | 4799055700555 | 6.63557 | 174.575 | 3880049
Rlog_NoSnap | Range_Med | 50 | 1275 | 9849965202564 | 6.63557 | 174.575 | 3880049
Rlog_NoSnap | Range_Med | 51 | 281 | 1682582894151 | 6.63557 | 174.575 | 3880049
Rlog_NoSnap | Range_Med | 52 | 444 | 3627115996528 | 6.63557 | 174.575 | 3880049
Rlog_NoSnap | Range_Med | 53 | 517 | 2980439106395 | 6.63557 | 174.575 | 3880049
Rlog_NoSnap | Range_Med | 54 | 8589 | 72132890847188 | 6.63557 | 174.575 | 3880049
Rlog_NoSnap | Range_Med | 55 | 367 | 2421720344360 | 6.63557 | 174.575 | 3880049
Rlog_NoSnap | Range_Med | 56 | 1028 | 5468472836713 | 6.63557 | 174.575 | 3880049
Rlog_NoSnap | Range_Med | 57 | 665 | 2794380899520 | 6.63557 | 174.575 | 3880049
Rlog_NoSnap | Range_Med | 58 | 742 | 6598489212427 | 6.63557 | 174.575 | 3880049
Rlog_NoSnap | Range_Med | 59 | 3728 | 32861380191956 | 6.63557 | 174.575 | 3880049
Rlog_NoSnap | Range_Med | 60 | 349 | 1704170762868 | 6.63557 | 174.575 | 3880049
Rlog_NoSnap | Range_Med | 61 | 1169 | 9734868842626 | 6.63557 | 174.575 | 3880049
Rlog_NoSnap | Range_Med | 62 | 2186 | 17467117558977 | 6.63557 | 174.575 | 3880049
Rlog_NoSnap | Range_Med | 63 | 2106 | 18008142361768 | 6.63557 | 174.575 | 3880049
Rlog_NoSnap | Range_Med | 64 | 1235 | 10432892927495 | 6.63557 | 174.575 | 3880049
Rlog_NoSnap | Range_Med | 65 | 986 | 5467721717877 | 6.63557 | 174.575 | 3880049
Rlog_NoSnap | Range_Med | 66 | 727 | 4920882117871 | 6.63557 | 174.575 | 3880049
Rlog_NoSnap | Range_Med | 67 | 360 | 2681544996807 | 6.63557 | 174.575 | 3880049
Rlog_NoSnap | Range_Med | 68 | 240 | 1765492358519 | 6.63557 | 174.575 | 3880049
Rlog_NoSnap | Range_Med | 69 | 585 | 2933202371814 | 6.63557 | 174.575 | 3880049
Rlog_NoSnap | Range_Med | 70 | 1121 | 7249280438156 | 6.63557 | 174.575 | 3880049
Rlog_NoSnap | Range_Med | 71 | 46 | 209860916426 | 6.63557 | 174.575 | 3880049
Rlog_NoSnap | Range_Med | 72 | 569 | 3965285963142 | 6.63557 | 174.575 | 3880049
Rlog_NoSnap | Range_Med | 73 | 215 | 925655782347 | 6.63557 | 174.575 | 3880049
Rlog_NoSnap | Range_Med | 74 | 993 | 5781748711169 | 6.63557 | 174.575 | 3880049
Rlog_NoSnap | Range_Med | 75 | 288 | 2128352121093 | 6.63557 | 174.575 | 3880049
Rlog_NoSnap | Range_Med | 76 | 570 | 2402796432035 | 6.63557 | 174.575 | 3880049
Rlog_NoSnap | Range_Med | 77 | 1337 | 7472929523301 | 6.63557 | 174.575 | 3880049
Rlog_NoSnap | Range_Med | 78 | 18919 | 165404593744304 | 6.63557 | 174.575 | 3880049
Rlog_NoSnap | Range_Med | 79 | 499 | 4432401993540 | 6.63557 | 174.575 | 3880049
Rlog_NoSnap | Range_Med | 80 | 1311 | 10891582664717 | 6.63557 | 174.575 | 3880049
Rlog_NoSnap | Range_Med | 81 | 1140 | 9525279136870 | 6.63557 | 174.575 | 3880049
Rlog_NoSnap | Range_Med | 82 | 4800 | 44316850236564 | 6.63557 | 174.575 | 3880049
Rlog_NoSnap | Range_Med | 83 | 7581 | 66575189821812 | 6.63557 | 174.575 | 3880049
Rlog_NoSnap | Range_Med | 84 | 388 | 2605077485981 | 6.63557 | 174.575 | 3880049
Rlog_NoSnap | Range_Med | 85 | 2519 | 21467817839343 | 6.63557 | 174.575 | 3880049
Rlog_NoSnap | Range_Med | 86 | 822 | 6368690312158 | 6.63557 | 174.575 | 3880049
Rlog_NoSnap | Range_Med | 87 | 1927 | 14003358716587 | 6.63557 | 174.575 | 3880049
Rlog_NoSnap | Range_Med | 88 | 593 | 3133780343308 | 6.63557 | 174.575 | 3880049
Rlog_NoSnap | Range_Med | 89 | 1219 | 10140779445850 | 6.63557 | 174.575 | 3880049
Rlog_NoSnap | Range_Med | 90 | 117 | 899589426657 | 6.63557 | 174.575 | 3880049
Rlog_NoSnap | Range_Med | 91 | 1498 | 10883994535948 | 6.63557 | 174.575 | 3880049
Rlog_NoSnap | Range_Med | 92 | 2280 | 17884513254582 | 6.63557 | 174.575 | 3880049
Rlog_NoSnap | Range_Med | 93 | 1395 | 10218682214374 | 6.63557 | 174.575 | 3880049
Rlog_NoSnap | Range_Med | 94 | 1018 | 7920464955494 | 6.63557 | 174.575 | 3880049
Rlog_NoSnap | Range_Med | 95 | 6431 | 59926343195417 | 6.63557 | 174.575 | 3880049
Rlog_NoSnap | Range_Med | 96 | 4286 | 39264011956806 | 6.63557 | 174.575 | 3880049
Rlog_NoSnap | Range_Med | 97 | 1924 | 15517882841392 | 6.63557 | 174.575 | 3880049
Rlog_NoSnap | Range_Med | 98 | 4016 | 33925920043661 | 6.63557 | 174.575 | 3880049
Rlog_NoSnap | Range_Med | 99 | 2038 | 15737023777137 | 6.63557 | 174.575 | 3880049
Rlog_NoSnap | Range_Large | 0 | 2634 | 14515301670745 | 6.81764 | 174.575 | 3880049
Rlog_NoSnap | Range_Large | 1 | 1358 | 8833848749728 | 6.81764 | 174.575 | 3880049
Rlog_NoSnap | Range_Large | 2 | 5609 | 47998197094645 | 6.81764 | 174.575 | 3880049
Rlog_NoSnap | Range_Large | 3 | 5505 | 38352309635408 | 6.81764 | 174.575 | 3880049
Rlog_NoSnap | Range_Large | 4 | 6230 | 47615013759333 | 6.81764 | 174.575 | 3880049
Rlog_NoSnap | Range_Large | 5 | 886 | 3817913899533 | 6.81764 | 174.575 | 3880049
Rlog_NoSnap | Range_Large | 6 | 1258 | 6146288098499 | 6.81764 | 174.575 | 3880049
Rlog_NoSnap | Range_Large | 7 | 16208 | 137132332197070 | 6.81764 | 174.575 | 3880049
Rlog_NoSnap | Range_Large | 8 | 4124 | 33154731829062 | 6.81764 | 174.575 | 3880049
Rlog_NoSnap | Range_Large | 9 | 2979 | 21919299228920 | 6.81764 | 174.575 | 3880049
Rlog_NoSnap | Range_Large | 10 | 2766 | 15407019209419 | 6.81764 | 174.575 | 3880049
Rlog_NoSnap | Range_Large | 11 | 4225 | 26035768338085 | 6.81764 | 174.575 | 3880049
Rlog_NoSnap | Range_Large | 12 | 11772 | 94053114214852 | 6.81764 | 174.575 | 3880049
Rlog_NoSnap | Range_Large | 13 | 3767 | 21619836331368 | 6.81764 | 174.575 | 3880049
Rlog_NoSnap | Range_Large | 14 | 8684 | 67877730505519 | 6.81764 | 174.575 | 3880049
Rlog_NoSnap | Range_Large | 15 | 1595 | 8354227307962 | 6.81764 | 174.575 | 3880049
Rlog_NoSnap | Range_Large | 16 | 7428 | 58154250129469 | 6.81764 | 174.575 | 3880049
Rlog_NoSnap | Range_Large | 17 | 6747 | 41622540222545 | 6.81764 | 174.575 | 3880049
Rlog_NoSnap | Range_Large | 18 | 13405 | 106004312076050 | 6.81764 | 174.575 | 3880049
Rlog_NoSnap | Range_Large | 19 | 19167 | 152624426034446 | 6.81764 | 174.575 | 3880049
Rlog_NoSnap | Range_Large | 20 | 7494 | 57911132253014 | 6.81764 | 174.575 | 3880049
Rlog_NoSnap | Range_Large | 21 | 30884 | 276482251220736 | 6.81764 | 174.575 | 3880049
Rlog_NoSnap | Range_Large | 22 | 1741 | 11756073458608 | 6.81764 | 174.575 | 3880049
Rlog_NoSnap | Range_Large | 23 | 3920 | 28754516043223 | 6.81764 | 174.575 | 3880049
Rlog_NoSnap | Range_Large | 24 | 9180 | 73343401771580 | 6.81764 | 174.575 | 3880049
Rlog_NoSnap | Range_Large | 25 | 3185 | 23129532726072 | 6.81764 | 174.575 | 3880049
Rlog_NoSnap | Range_Large | 26 | 14812 | 93003529820604 | 6.81764 | 174.575 | 3880049
Rlog_NoSnap | Range_Large | 27 | 2030 | 11777977426621 | 6.81764 | 174.575 | 3880049
Rlog_NoSnap | Range_Large | 28 | 26698 | 226495038823926 | 6.81764 | 174.575 | 3880049
Rlog_NoSnap | Range_Large | 29 | 31546 | 259345342615274 | 6.81764 | 174.575 | 3880049
Rlog_NoSnap | Range_Large | 30 | 3664 | 19311252461691 | 6.81764 | 174.575 | 3880049
Rlog_NoSnap | Range_Large | 31 | 11945 | 105790663270369 | 6.81764 | 174.575 | 3880049
Rlog_NoSnap | Range_Large | 32 | 3510 | 23414256519376 | 6.81764 | 174.575 | 3880049
Rlog_NoSnap | Range_Large | 33 | 28177 | 244927245720747 | 6.81764 | 174.575 | 3880049
Rlog_NoSnap | Range_Large | 34 | 1763 | 10024010615225 | 6.81764 | 174.575 | 3880049
Rlog_NoSnap | Range_Large | 35 | 4215 | 25655999065118 | 6.81764 | 174.575 | 3880049
Rlog_NoSnap | Range_Large | 36 | 4050 | 28024866637135 | 6.81764 | 174.575 | 3880049
Rlog_NoSnap | Range_Large | 37 | 4628 | 39299596395912 | 6.81764 | 174.575 | 3880049
Rlog_NoSnap | Range_Large | 38 | 25278 | 232073631447947 | 6.81764 | 174.575 | 3880049
Rlog_NoSnap | Range_Large | 39 | 10518 | 96674457902089 | 6.81764 | 174.575 | 3880049
Rlog_NoSnap | Range_Large | 40 | 4458 | 24288846198254 | 6.81764 | 174.575 | 3880049
Rlog_NoSnap | Range_Large | 41 | 14726 | 121870371375749 | 6.81764 | 174.575 | 3880049
Rlog_NoSnap | Range_Large | 42 | 110139 | 981232247278285 | 6.81764 | 174.575 | 3880049
Rlog_NoSnap | Range_Large | 43 | 6944 | 58706788007183 | 6.81764 | 174.575 | 3880049
Rlog_NoSnap | Range_Large | 44 | 918 | 6147727333332 | 6.81764 | 174.575 | 3880049
Rlog_NoSnap | Range_Large | 45 | 3177 | 13839587284086 | 6.81764 | 174.575 | 3880049
Rlog_NoSnap | Range_Large | 46 | 11731 | 96578683779952 | 6.81764 | 174.575 | 3880049
Rlog_NoSnap | Range_Large | 47 | 23027 | 197971644585012 | 6.81764 | 174.575 | 3880049
Rlog_NoSnap | Range_Large | 48 | 16017 | 140054201146709 | 6.81764 | 174.575 | 3880049
Rlog_NoSnap | Range_Large | 49 | 6561 | 39185351336632 | 6.81764 | 174.575 | 3880049
Rlog_NoSnap | Range_Large | 50 | 6601 | 53340899146453 | 6.81764 | 174.575 | 3880049
Rlog_NoSnap | Range_Large | 51 | 3353 | 23290764597930 | 6.81764 | 174.575 | 3880049
Rlog_NoSnap | Range_Large | 52 | 3665 | 19573190786128 | 6.81764 | 174.575 | 3880049
Rlog_NoSnap | Range_Large | 53 | 1984 | 10761340265643 | 6.81764 | 174.575 | 3880049
Rlog_NoSnap | Range_Large | 54 | 1380 | 6094030813151 | 6.81764 | 174.575 | 3880049
Rlog_NoSnap | Range_Large | 55 | 2629 | 12329137380491 | 6.81764 | 174.575 | 3880049
Rlog_NoSnap | Range_Large | 56 | 32746 | 290044997217337 | 6.81764 | 174.575 | 3880049
Rlog_NoSnap | Range_Large | 57 | 3591 | 21433694711147 | 6.81764 | 174.575 | 3880049
Rlog_NoSnap | Range_Large | 58 | 2572 | 12372689965840 | 6.81764 | 174.575 | 3880049
Rlog_NoSnap | Range_Large | 59 | 6751 | 53271206337329 | 6.81764 | 174.575 | 3880049
Rlog_NoSnap | Range_Large | 60 | 9811 | 78764982685789 | 6.81764 | 174.575 | 3880049
Rlog_NoSnap | Range_Large | 61 | 8431 | 65449165781265 | 6.81764 | 174.575 | 3880049
Rlog_NoSnap | Range_Large | 62 | 1897 | 10692843889378 | 6.81764 | 174.575 | 3880049
Rlog_NoSnap | Range_Large | 63 | 33036 | 296180168005314 | 6.81764 | 174.575 | 3880049
Rlog_NoSnap | Range_Large | 64 | 11341 | 82410577779444 | 6.81764 | 174.575 | 3880049
Rlog_NoSnap | Range_Large | 65 | 3513 | 17614721572043 | 6.81764 | 174.575 | 3880049
Rlog_NoSnap | Range_Large | 66 | 9990 | 68612537060566 | 6.81764 | 174.575 | 3880049
Rlog_NoSnap | Range_Large | 67 | 53336 | 500761370310717 | 6.81764 | 174.575 | 3880049
Rlog_NoSnap | Range_Large | 68 | 14525 | 121345741145312 | 6.81764 | 174.575 | 3880049
Rlog_NoSnap | Range_Large | 69 | 7904 | 64382019736515 | 6.81764 | 174.575 | 3880049
Rlog_NoSnap | Range_Large | 70 | 3192 | 14434399977696 | 6.81764 | 174.575 | 3880049
Rlog_NoSnap | Range_Large | 71 | 5003 | 29159187768482 | 6.81764 | 174.575 | 3880049
Rlog_NoSnap | Range_Large | 72 | 25658 | 224078452052732 | 6.81764 | 174.575 | 3880049
Rlog_NoSnap | Range_Large | 73 | 4133 | 17399209891884 | 6.81764 | 174.575 | 3880049
Rlog_NoSnap | Range_Large | 74 | 2734 | 13041371473278 | 6.81764 | 174.575 | 3880049
Rlog_NoSnap | Range_Large | 75 | 13168 | 108485020437810 | 6.81764 | 174.575 | 3880049
Rlog_NoSnap | Range_Large | 76 | 19808 | 178429215835799 | 6.81764 | 174.575 | 3880049
Rlog_NoSnap | Range_Large | 77 | 17748 | 149198684358036 | 6.81764 | 174.575 | 3880049
Rlog_NoSnap | Range_Large | 78 | 2716 | 11941705233150 | 6.81764 | 174.575 | 3880049
Rlog_NoSnap | Range_Large | 79 | 6300 | 39451552832522 | 6.81764 | 174.575 | 3880049
Rlog_NoSnap | Range_Large | 80 | 21281 | 176054605134457 | 6.81764 | 174.575 | 3880049
Rlog_NoSnap | Range_Large | 81 | 13002 | 105364284631114 | 6.81764 | 174.575 | 3880049
Rlog_NoSnap | Range_Large | 82 | 8811 | 56211831708994 | 6.81764 | 174.575 | 3880049
Rlog_NoSnap | Range_Large | 83 | 2939 | 24558790824912 | 6.81764 | 174.575 | 3880049
Rlog_NoSnap | Range_Large | 84 | 6474 | 51040088621014 | 6.81764 | 174.575 | 3880049
Rlog_NoSnap | Range_Large | 85 | 1036 | 5092413294168 | 6.81764 | 174.575 | 3880049
Rlog_NoSnap | Range_Large | 86 | 3347 | 19327939824239 | 6.81764 | 174.575 | 3880049
Rlog_NoSnap | Range_Large | 87 | 4266 | 33785195393417 | 6.81764 | 174.575 | 3880049
Rlog_NoSnap | Range_Large | 88 | 8222 | 72676169099613 | 6.81764 | 174.575 | 3880049
Rlog_NoSnap | Range_Large | 89 | 13985 | 121548324377084 | 6.81764 | 174.575 | 3880049
Rlog_NoSnap | Range_Large | 90 | 2639 | 19336097422019 | 6.81764 | 174.575 | 3880049
Rlog_NoSnap | Range_Large | 91 | 19824 | 189371133400263 | 6.81764 | 174.575 | 3880049
Rlog_NoSnap | Range_Large | 92 | 5994 | 43599404912319 | 6.81764 | 174.575 | 3880049
Rlog_NoSnap | Range_Large | 93 | 8937 | 80715669149359 | 6.81764 | 174.575 | 3880049
Rlog_NoSnap | Range_Large | 94 | 1968 | 12418687079478 | 6.81764 | 174.575 | 3880049
Rlog_NoSnap | Range_Large | 95 | 20558 | 175476414954505 | 6.81764 | 174.575 | 3880049
Rlog_NoSnap | Range_Large | 96 | 17329 | 146788096296755 | 6.81764 | 174.575 | 3880049
Rlog_NoSnap | Range_Large | 97 | 1546 | 9696331007052 | 6.81764 | 174.575 | 3880049
Rlog_NoSnap | Range_Large | 98 | 4206 | 28703373051147 | 6.81764 | 174.575 | 3880049
Rlog_NoSnap | Range_Large | 99 | 2857 | 21459320939608 | 6.81764 | 174.575 | 3880049
Rlog_NoSnap | KNN_1 | 0 | 1 | 6350884696 | 8.46504 | 174.575 | 3880049
Rlog_NoSnap | KNN_1 | 1 | 1 | 6538560149 | 8.46504 | 174.575 | 3880049
Rlog_NoSnap | KNN_1 | 2 | 1 | 3975648108 | 8.46504 | 174.575 | 3880049
Rlog_NoSnap | KNN_1 | 3 | 1 | 6034075654 | 8.46504 | 174.575 | 3880049
Rlog_NoSnap | KNN_1 | 4 | 1 | 4332639173 | 8.46504 | 174.575 | 3880049
Rlog_NoSnap | KNN_1 | 5 | 1 | 7023593559 | 8.46504 | 174.575 | 3880049
Rlog_NoSnap | KNN_1 | 6 | 1 | 8000746961 | 8.46504 | 174.575 | 3880049
Rlog_NoSnap | KNN_1 | 7 | 1 | 4332788203 | 8.46504 | 174.575 | 3880049
Rlog_NoSnap | KNN_1 | 8 | 1 | 4357777142 | 8.46504 | 174.575 | 3880049
Rlog_NoSnap | KNN_1 | 9 | 1 | 4427657021 | 8.46504 | 174.575 | 3880049
Rlog_NoSnap | KNN_1 | 10 | 1 | 8202041380 | 8.46504 | 174.575 | 3880049
Rlog_NoSnap | KNN_1 | 11 | 1 | 4205946533 | 8.46504 | 174.575 | 3880049
Rlog_NoSnap | KNN_1 | 12 | 1 | 4248326620 | 8.46504 | 174.575 | 3880049
Rlog_NoSnap | KNN_1 | 13 | 1 | 5409180151 | 8.46504 | 174.575 | 3880049
Rlog_NoSnap | KNN_1 | 14 | 1 | 3612706477 | 8.46504 | 174.575 | 3880049
Rlog_NoSnap | KNN_1 | 15 | 1 | 3413563421 | 8.46504 | 174.575 | 3880049
Rlog_NoSnap | KNN_1 | 16 | 1 | 4082957584 | 8.46504 | 174.575 | 3880049
Rlog_NoSnap | KNN_1 | 17 | 1 | 7023624133 | 8.46504 | 174.575 | 3880049
Rlog_NoSnap | KNN_1 | 18 | 1 | 3999816374 | 8.46504 | 174.575 | 3880049
Rlog_NoSnap | KNN_1 | 19 | 1 | 3679622185 | 8.46504 | 174.575 | 3880049
Rlog_NoSnap | KNN_1 | 20 | 1 | 3482538503 | 8.46504 | 174.575 | 3880049
Rlog_NoSnap | KNN_1 | 21 | 1 | 4309970163 | 8.46504 | 174.575 | 3880049
Rlog_NoSnap | KNN_1 | 22 | 1 | 4617250815 | 8.46504 | 174.575 | 3880049
Rlog_NoSnap | KNN_1 | 23 | 1 | 5683829961 | 8.46504 | 174.575 | 3880049
Rlog_NoSnap | KNN_1 | 24 | 1 | 6929608891 | 8.46504 | 174.575 | 3880049
Rlog_NoSnap | KNN_1 | 25 | 1 | 5205360134 | 8.46504 | 174.575 | 3880049
Rlog_NoSnap | KNN_1 | 26 | 1 | 4210576155 | 8.46504 | 174.575 | 3880049
Rlog_NoSnap | KNN_1 | 27 | 1 | 5910438120 | 8.46504 | 174.575 | 3880049
Rlog_NoSnap | KNN_1 | 28 | 1 | 4211257450 | 8.46504 | 174.575 | 3880049
Rlog_NoSnap | KNN_1 | 29 | 1 | 4212087861 | 8.46504 | 174.575 | 3880049
Rlog_NoSnap | KNN_1 | 30 | 1 | 5859367572 | 8.46504 | 174.575 | 3880049
Rlog_NoSnap | KNN_1 | 31 | 1 | 3076986637 | 8.46504 | 174.575 | 3880049
Rlog_NoSnap | KNN_1 | 32 | 1 | 4001344834 | 8.46504 | 174.575 | 3880049
Rlog_NoSnap | KNN_1 | 33 | 1 | 7642910756 | 8.46504 | 174.575 | 3880049
Rlog_NoSnap | KNN_1 | 34 | 1 | 6994345445 | 8.46504 | 174.575 | 3880049
Rlog_NoSnap | KNN_1 | 35 | 1 | 4770008636 | 8.46504 | 174.575 | 3880049
Rlog_NoSnap | KNN_1 | 36 | 1 | 5879555880 | 8.46504 | 174.575 | 3880049
Rlog_NoSnap | KNN_1 | 37 | 1 | 6811984458 | 8.46504 | 174.575 | 3880049
Rlog_NoSnap | KNN_1 | 38 | 1 | 3199874027 | 8.46504 | 174.575 | 3880049
Rlog_NoSnap | KNN_1 | 39 | 1 | 4015038434 | 8.46504 | 174.575 | 3880049
Rlog_NoSnap | KNN_1 | 40 | 1 | 4095307495 | 8.46504 | 174.575 | 3880049
Rlog_NoSnap | KNN_1 | 41 | 1 | 7978544704 | 8.46504 | 174.575 | 3880049
Rlog_NoSnap | KNN_1 | 42 | 1 | 4910642560 | 8.46504 | 174.575 | 3880049
Rlog_NoSnap | KNN_1 | 43 | 1 | 5758970147 | 8.46504 | 174.575 | 3880049
Rlog_NoSnap | KNN_1 | 44 | 1 | 5214756655 | 8.46504 | 174.575 | 3880049
Rlog_NoSnap | KNN_1 | 45 | 1 | 5501812304 | 8.46504 | 174.575 | 3880049
Rlog_NoSnap | KNN_1 | 46 | 1 | 5754277630 | 8.46504 | 174.575 | 3880049
Rlog_NoSnap | KNN_1 | 47 | 1 | 6514304703 | 8.46504 | 174.575 | 3880049
Rlog_NoSnap | KNN_1 | 48 | 1 | 4747260780 | 8.46504 | 174.575 | 3880049
Rlog_NoSnap | KNN_1 | 49 | 1 | 7997478948 | 8.46504 | 174.575 | 3880049
Rlog_NoSnap | KNN_1 | 50 | 1 | 1987289776 | 8.46504 | 174.575 | 3880049
Rlog_NoSnap | KNN_1 | 51 | 1 | 4957400114 | 8.46504 | 174.575 | 3880049
Rlog_NoSnap | KNN_1 | 52 | 1 | 4103259909 | 8.46504 | 174.575 | 3880049
Rlog_NoSnap | KNN_1 | 53 | 1 | 4333675265 | 8.46504 | 174.575 | 3880049
Rlog_NoSnap | KNN_1 | 54 | 1 | 3999729576 | 8.46504 | 174.575 | 3880049
Rlog_NoSnap | KNN_1 | 55 | 1 | 3951934432 | 8.46504 | 174.575 | 3880049
Rlog_NoSnap | KNN_1 | 56 | 1 | 3511105905 | 8.46504 | 174.575 | 3880049
Rlog_NoSnap | KNN_1 | 57 | 1 | 4851076477 | 8.46504 | 174.575 | 3880049
Rlog_NoSnap | KNN_1 | 58 | 1 | 8204052960 | 8.46504 | 174.575 | 3880049
Rlog_NoSnap | KNN_1 | 59 | 1 | 4242463157 | 8.46504 | 174.575 | 3880049
Rlog_NoSnap | KNN_1 | 60 | 1 | 6992658160 | 8.46504 | 174.575 | 3880049
Rlog_NoSnap | KNN_1 | 61 | 1 | 4770011761 | 8.46504 | 174.575 | 3880049
Rlog_NoSnap | KNN_1 | 62 | 1 | 4572068134 | 8.46504 | 174.575 | 3880049
Rlog_NoSnap | KNN_1 | 63 | 1 | 1992290419 | 8.46504 | 174.575 | 3880049
Rlog_NoSnap | KNN_1 | 64 | 1 | 4325472660 | 8.46504 | 174.575 | 3880049
Rlog_NoSnap | KNN_1 | 65 | 1 | 4109634910 | 8.46504 | 174.575 | 3880049
Rlog_NoSnap | KNN_1 | 66 | 1 | 5009724622 | 8.46504 | 174.575 | 3880049
Rlog_NoSnap | KNN_1 | 67 | 1 | 3976755396 | 8.46504 | 174.575 | 3880049
Rlog_NoSnap | KNN_1 | 68 | 1 | 3004615236 | 8.46504 | 174.575 | 3880049
Rlog_NoSnap | KNN_1 | 69 | 1 | 5893564034 | 8.46504 | 174.575 | 3880049
Rlog_NoSnap | KNN_1 | 70 | 1 | 4365610204 | 8.46504 | 174.575 | 3880049
Rlog_NoSnap | KNN_1 | 71 | 1 | 4212084613 | 8.46504 | 174.575 | 3880049
Rlog_NoSnap | KNN_1 | 72 | 1 | 4849161701 | 8.46504 | 174.575 | 3880049
Rlog_NoSnap | KNN_1 | 73 | 1 | 1987011878 | 8.46504 | 174.575 | 3880049
Rlog_NoSnap | KNN_1 | 74 | 1 | 8264729038 | 8.46504 | 174.575 | 3880049
Rlog_NoSnap | KNN_1 | 75 | 1 | 4103271415 | 8.46504 | 174.575 | 3880049
Rlog_NoSnap | KNN_1 | 76 | 1 | 4742773997 | 8.46504 | 174.575 | 3880049
Rlog_NoSnap | KNN_1 | 77 | 1 | 5754238254 | 8.46504 | 174.575 | 3880049
Rlog_NoSnap | KNN_1 | 78 | 1 | 3511094590 | 8.46504 | 174.575 | 3880049
Rlog_NoSnap | KNN_1 | 79 | 1 | 3976740816 | 8.46504 | 174.575 | 3880049
Rlog_NoSnap | KNN_1 | 80 | 1 | 4661335396 | 8.46504 | 174.575 | 3880049
Rlog_NoSnap | KNN_1 | 81 | 1 | 2898043086 | 8.46504 | 174.575 | 3880049
Rlog_NoSnap | KNN_1 | 82 | 1 | 5893592117 | 8.46504 | 174.575 | 3880049
Rlog_NoSnap | KNN_1 | 83 | 1 | 6929837567 | 8.46504 | 174.575 | 3880049
Rlog_NoSnap | KNN_1 | 84 | 1 | 4304593782 | 8.46504 | 174.575 | 3880049
Rlog_NoSnap | KNN_1 | 85 | 1 | 1927848125 | 8.46504 | 174.575 | 3880049
Rlog_NoSnap | KNN_1 | 86 | 1 | 3199873210 | 8.46504 | 174.575 | 3880049
Rlog_NoSnap | KNN_1 | 87 | 1 | 4335566576 | 8.46504 | 174.575 | 3880049
Rlog_NoSnap | KNN_1 | 88 | 1 | 4575841247 | 8.46504 | 174.575 | 3880049
Rlog_NoSnap | KNN_1 | 89 | 1 | 7978544710 | 8.46504 | 174.575 | 3880049
Rlog_NoSnap | KNN_1 | 90 | 1 | 7023522484 | 8.46504 | 174.575 | 3880049
Rlog_NoSnap | KNN_1 | 91 | 1 | 4309136806 | 8.46504 | 174.575 | 3880049
Rlog_NoSnap | KNN_1 | 92 | 1 | 4332522073 | 8.46504 | 174.575 | 3880049
Rlog_NoSnap | KNN_1 | 93 | 1 | 4143087698 | 8.46504 | 174.575 | 3880049
Rlog_NoSnap | KNN_1 | 94 | 1 | 4336057280 | 8.46504 | 174.575 | 3880049
Rlog_NoSnap | KNN_1 | 95 | 1 | 7505382588 | 8.46504 | 174.575 | 3880049
Rlog_NoSnap | KNN_1 | 96 | 1 | 4911460129 | 8.46504 | 174.575 | 3880049
Rlog_NoSnap | KNN_1 | 97 | 1 | 1988270414 | 8.46504 | 174.575 | 3880049
Rlog_NoSnap | KNN_1 | 98 | 1 | 3731070489 | 8.46504 | 174.575 | 3880049
Rlog_NoSnap | KNN_1 | 99 | 1 | 4840830007 | 8.46504 | 174.575 | 3880049
Rlog_NoSnap | KNN_10 | 0 | 10 | 60756930807 | 8.14942 | 174.575 | 3880049
Rlog_NoSnap | KNN_10 | 1 | 10 | 89341833828 | 8.14942 | 174.575 | 3880049
Rlog_NoSnap | KNN_10 | 2 | 10 | 78750645659 | 8.14942 | 174.575 | 3880049
Rlog_NoSnap | KNN_10 | 3 | 10 | 51798034310 | 8.14942 | 174.575 | 3880049
Rlog_NoSnap | KNN_10 | 4 | 10 | 53107514439 | 8.14942 | 174.575 | 3880049
Rlog_NoSnap | KNN_10 | 5 | 10 | 44960735963 | 8.14942 | 174.575 | 3880049
Rlog_NoSnap | KNN_10 | 6 | 10 | 55813474305 | 8.14942 | 174.575 | 3880049
Rlog_NoSnap | KNN_10 | 7 | 10 | 38296442039 | 8.14942 | 174.575 | 3880049
Rlog_NoSnap | KNN_10 | 8 | 10 | 56720772372 | 8.14942 | 174.575 | 3880049
Rlog_NoSnap | KNN_10 | 9 | 10 | 59005239956 | 8.14942 | 174.575 | 3880049
Rlog_NoSnap | KNN_10 | 10 | 10 | 53729018857 | 8.14942 | 174.575 | 3880049
Rlog_NoSnap | KNN_10 | 11 | 10 | 46451910355 | 8.14942 | 174.575 | 3880049
Rlog_NoSnap | KNN_10 | 12 | 10 | 48493656455 | 8.14942 | 174.575 | 3880049
Rlog_NoSnap | KNN_10 | 13 | 10 | 77134838898 | 8.14942 | 174.575 | 3880049
Rlog_NoSnap | KNN_10 | 14 | 10 | 79974795095 | 8.14942 | 174.575 | 3880049
Rlog_NoSnap | KNN_10 | 15 | 10 | 25453745650 | 8.14942 | 174.575 | 3880049
Rlog_NoSnap | KNN_10 | 16 | 10 | 65040125547 | 8.14942 | 174.575 | 3880049
Rlog_NoSnap | KNN_10 | 17 | 10 | 76229123055 | 8.14942 | 174.575 | 3880049
Rlog_NoSnap | KNN_10 | 18 | 10 | 52348221276 | 8.14942 | 174.575 | 3880049
Rlog_NoSnap | KNN_10 | 19 | 10 | 41430520580 | 8.14942 | 174.575 | 3880049
Rlog_NoSnap | KNN_10 | 20 | 10 | 84290478853 | 8.14942 | 174.575 | 3880049
Rlog_NoSnap | KNN_10 | 21 | 10 | 50988230536 | 8.14942 | 174.575 | 3880049
Rlog_NoSnap | KNN_10 | 22 | 10 | 80843913825 | 8.14942 | 174.575 | 3880049
Rlog_NoSnap | KNN_10 | 23 | 10 | 41043866038 | 8.14942 | 174.575 | 3880049
Rlog_NoSnap | KNN_10 | 24 | 10 | 65044370313 | 8.14942 | 174.575 | 3880049
Rlog_NoSnap | KNN_10 | 25 | 10 | 75346571065 | 8.14942 | 174.575 | 3880049
Rlog_NoSnap | KNN_10 | 26 | 10 | 44612859624 | 8.14942 | 174.575 | 3880049
Rlog_NoSnap | KNN_10 | 27 | 10 | 72567949586 | 8.14942 | 174.575 | 3880049
Rlog_NoSnap | KNN_10 | 28 | 10 | 36795519205 | 8.14942 | 174.575 | 3880049
Rlog_NoSnap | KNN_10 | 29 | 10 | 45114038392 | 8.14942 | 174.575 | 3880049
Rlog_NoSnap | KNN_10 | 30 | 10 | 72170577549 | 8.14942 | 174.575 | 3880049
Rlog_NoSnap | KNN_10 | 31 | 10 | 85681965489 | 8.14942 | 174.575 | 3880049
Rlog_NoSnap | KNN_10 | 32 | 10 | 73204782480 | 8.14942 | 174.575 | 3880049
Rlog_NoSnap | KNN_10 | 33 | 10 | 68407245405 | 8.14942 | 174.575 | 3880049
Rlog_NoSnap | KNN_10 | 34 | 10 | 45631136601 | 8.14942 | 174.575 | 3880049
Rlog_NoSnap | KNN_10 | 35 | 10 | 68852612905 | 8.14942 | 174.575 | 3880049
Rlog_NoSnap | KNN_10 | 36 | 10 | 74458590419 | 8.14942 | 174.575 | 3880049
Rlog_NoSnap | KNN_10 | 37 | 10 | 46644576859 | 8.14942 | 174.575 | 3880049
Rlog_NoSnap | KNN_10 | 38 | 10 | 40155747642 | 8.14942 | 174.575 | 3880049
Rlog_NoSnap | KNN_10 | 39 | 10 | 39768218184 | 8.14942 | 174.575 | 3880049
Rlog_NoSnap | KNN_10 | 40 | 10 | 67478664738 | 8.14942 | 174.575 | 3880049
Rlog_NoSnap | KNN_10 | 41 | 10 | 43636079644 | 8.14942 | 174.575 | 3880049
Rlog_NoSnap | KNN_10 | 42 | 10 | 41098135362 | 8.14942 | 174.575 | 3880049
Rlog_NoSnap | KNN_10 | 43 | 10 | 49916404145 | 8.14942 | 174.575 | 3880049
Rlog_NoSnap | KNN_10 | 44 | 10 | 42120852890 | 8.14942 | 174.575 | 3880049
Rlog_NoSnap | KNN_10 | 45 | 10 | 37305113333 | 8.14942 | 174.575 | 3880049
Rlog_NoSnap | KNN_10 | 46 | 10 | 49558609745 | 8.14942 | 174.575 | 3880049
Rlog_NoSnap | KNN_10 | 47 | 10 | 89485092370 | 8.14942 | 174.575 | 3880049
Rlog_NoSnap | KNN_10 | 48 | 10 | 34825384086 | 8.14942 | 174.575 | 3880049
Rlog_NoSnap | KNN_10 | 49 | 10 | 31089267792 | 8.14942 | 174.575 | 3880049
Rlog_NoSnap | KNN_10 | 50 | 10 | 47141644426 | 8.14942 | 174.575 | 3880049
Rlog_NoSnap | KNN_10 | 51 | 10 | 57533971789 | 8.14942 | 174.575 | 3880049
Rlog_NoSnap | KNN_10 | 52 | 10 | 42345414251 | 8.14942 | 174.575 | 3880049
Rlog_NoSnap | KNN_10 | 53 | 10 | 19882728923 | 8.14942 | 174.575 | 3880049
Rlog_NoSnap | KNN_10 | 54 | 10 | 20888391812 | 8.14942 | 174.575 | 3880049
Rlog_NoSnap | KNN_10 | 55 | 10 | 80716796758 | 8.14942 | 174.575 | 3880049
Rlog_NoSnap | KNN_10 | 56 | 10 | 68727628035 | 8.14942 | 174.575 | 3880049
Rlog_NoSnap | KNN_10 | 57 | 10 | 54181928627 | 8.14942 | 174.575 | 3880049
Rlog_NoSnap | KNN_10 | 58 | 10 | 105990997482 | 8.14942 | 174.575 | 3880049
Rlog_NoSnap | KNN_10 | 59 | 10 | 45205412992 | 8.14942 | 174.575 | 3880049
Rlog_NoSnap | KNN_10 | 60 | 10 | 42093359574 | 8.14942 | 174.575 | 3880049
Rlog_NoSnap | KNN_10 | 61 | 10 | 73302290474 | 8.14942 | 174.575 | 3880049
Rlog_NoSnap | KNN_10 | 62 | 10 | 87445116953 | 8.14942 | 174.575 | 3880049
Rlog_NoSnap | KNN_10 | 63 | 10 | 39376514777 | 8.14942 | 174.575 | 3880049
Rlog_NoSnap | KNN_10 | 64 | 10 | 77503299304 | 8.14942 | 174.575 | 3880049
Rlog_NoSnap | KNN_10 | 65 | 10 | 75186527268 | 8.14942 | 174.575 | 3880049
Rlog_NoSnap | KNN_10 | 66 | 10 | 40014012469 | 8.14942 | 174.575 | 3880049
Rlog_NoSnap | KNN_10 | 67 | 10 | 37238761039 | 8.14942 | 174.575 | 3880049
Rlog_NoSnap | KNN_10 | 68 | 10 | 45991723257 | 8.14942 | 174.575 | 3880049
Rlog_NoSnap | KNN_10 | 69 | 10 | 58638111385 | 8.14942 | 174.575 | 3880049
Rlog_NoSnap | KNN_10 | 70 | 10 | 39317009755 | 8.14942 | 174.575 | 3880049
Rlog_NoSnap | KNN_10 | 71 | 10 | 71146369973 | 8.14942 | 174.575 | 3880049
Rlog_NoSnap | KNN_10 | 72 | 10 | 76791948929 | 8.14942 | 174.575 | 3880049
Rlog_NoSnap | KNN_10 | 73 | 10 | 61149187775 | 8.14942 | 174.575 | 3880049
Rlog_NoSnap | KNN_10 | 74 | 10 | 42053810170 | 8.14942 | 174.575 | 3880049
Rlog_NoSnap | KNN_10 | 75 | 10 | 81609265792 | 8.14942 | 174.575 | 3880049
Rlog_NoSnap | KNN_10 | 76 | 10 | 74614324815 | 8.14942 | 174.575 | 3880049
Rlog_NoSnap | KNN_10 | 77 | 10 | 74480422759 | 8.14942 | 174.575 | 3880049
Rlog_NoSnap | KNN_10 | 78 | 10 | 40014140936 | 8.14942 | 174.575 | 3880049
Rlog_NoSnap | KNN_10 | 79 | 10 | 43707484086 | 8.14942 | 174.575 | 3880049
Rlog_NoSnap | KNN_10 | 80 | 10 | 40908752139 | 8.14942 | 174.575 | 3880049
Rlog_NoSnap | KNN_10 | 81 | 10 | 94828970860 | 8.14942 | 174.575 | 3880049
Rlog_NoSnap | KNN_10 | 82 | 10 | 52925259130 | 8.14942 | 174.575 | 3880049
Rlog_NoSnap | KNN_10 | 83 | 10 | 43270653409 | 8.14942 | 174.575 | 3880049
Rlog_NoSnap | KNN_10 | 84 | 10 | 86200324945 | 8.14942 | 174.575 | 3880049
Rlog_NoSnap | KNN_10 | 85 | 10 | 49084049306 | 8.14942 | 174.575 | 3880049
Rlog_NoSnap | KNN_10 | 86 | 10 | 43223056241 | 8.14942 | 174.575 | 3880049
Rlog_NoSnap | KNN_10 | 87 | 10 | 58595805015 | 8.14942 | 174.575 | 3880049
Rlog_NoSnap | KNN_10 | 88 | 10 | 51759791692 | 8.14942 | 174.575 | 3880049
Rlog_NoSnap | KNN_10 | 89 | 10 | 83006000003 | 8.14942 | 174.575 | 3880049
Rlog_NoSnap | KNN_10 | 90 | 10 | 68788085676 | 8.14942 | 174.575 | 3880049
Rlog_NoSnap | KNN_10 | 91 | 10 | 36107030064 | 8.14942 | 174.575 | 3880049
Rlog_NoSnap | KNN_10 | 92 | 10 | 42532285485 | 8.14942 | 174.575 | 3880049
Rlog_NoSnap | KNN_10 | 93 | 10 | 58756051780 | 8.14942 | 174.575 | 3880049
Rlog_NoSnap | KNN_10 | 94 | 10 | 30043565011 | 8.14942 | 174.575 | 3880049
Rlog_NoSnap | KNN_10 | 95 | 10 | 77130572070 | 8.14942 | 174.575 | 3880049
Rlog_NoSnap | KNN_10 | 96 | 10 | 57542744755 | 8.14942 | 174.575 | 3880049
Rlog_NoSnap | KNN_10 | 97 | 10 | 41795622728 | 8.14942 | 174.575 | 3880049
Rlog_NoSnap | KNN_10 | 98 | 10 | 74637720010 | 8.14942 | 174.575 | 3880049
Rlog_NoSnap | KNN_10 | 99 | 10 | 40156331060 | 8.14942 | 174.575 | 3880049
Rlog_NoSnap | KNN_100 | 0 | 100 | 893983333819 | 8.22566 | 174.575 | 3880049
Rlog_NoSnap | KNN_100 | 1 | 100 | 534988245166 | 8.22566 | 174.575 | 3880049
Rlog_NoSnap | KNN_100 | 2 | 100 | 729319952547 | 8.22566 | 174.575 | 3880049
Rlog_NoSnap | KNN_100 | 3 | 100 | 464297520753 | 8.22566 | 174.575 | 3880049
Rlog_NoSnap | KNN_100 | 4 | 100 | 758502167123 | 8.22566 | 174.575 | 3880049
Rlog_NoSnap | KNN_100 | 5 | 100 | 828719188171 | 8.22566 | 174.575 | 3880049
Rlog_NoSnap | KNN_100 | 6 | 100 | 590251543557 | 8.22566 | 174.575 | 3880049
Rlog_NoSnap | KNN_100 | 7 | 100 | 696442460321 | 8.22566 | 174.575 | 3880049
Rlog_NoSnap | KNN_100 | 8 | 100 | 795742795743 | 8.22566 | 174.575 | 3880049
Rlog_NoSnap | KNN_100 | 9 | 100 | 747059689055 | 8.22566 | 174.575 | 3880049
Rlog_NoSnap | KNN_100 | 10 | 100 | 628689324607 | 8.22566 | 174.575 | 3880049
Rlog_NoSnap | KNN_100 | 11 | 100 | 479271281593 | 8.22566 | 174.575 | 3880049
Rlog_NoSnap | KNN_100 | 12 | 100 | 661340733813 | 8.22566 | 174.575 | 3880049
Rlog_NoSnap | KNN_100 | 13 | 100 | 863029424511 | 8.22566 | 174.575 | 3880049
Rlog_NoSnap | KNN_100 | 14 | 100 | 428278661230 | 8.22566 | 174.575 | 3880049
Rlog_NoSnap | KNN_100 | 15 | 100 | 907830163659 | 8.22566 | 174.575 | 3880049
Rlog_NoSnap | KNN_100 | 16 | 100 | 492453324085 | 8.22566 | 174.575 | 3880049
Rlog_NoSnap | KNN_100 | 17 | 100 | 487496648182 | 8.22566 | 174.575 | 3880049
Rlog_NoSnap | KNN_100 | 18 | 100 | 796574149336 | 8.22566 | 174.575 | 3880049
Rlog_NoSnap | KNN_100 | 19 | 100 | 644230991253 | 8.22566 | 174.575 | 3880049
Rlog_NoSnap | KNN_100 | 20 | 100 | 410686528397 | 8.22566 | 174.575 | 3880049
Rlog_NoSnap | KNN_100 | 21 | 100 | 799507382730 | 8.22566 | 174.575 | 3880049
Rlog_NoSnap | KNN_100 | 22 | 100 | 513699745991 | 8.22566 | 174.575 | 3880049
Rlog_NoSnap | KNN_100 | 23 | 100 | 793058267912 | 8.22566 | 174.575 | 3880049
Rlog_NoSnap | KNN_100 | 24 | 100 | 450305410617 | 8.22566 | 174.575 | 3880049
Rlog_NoSnap | KNN_100 | 25 | 100 | 444045691208 | 8.22566 | 174.575 | 3880049
Rlog_NoSnap | KNN_100 | 26 | 100 | 420601090979 | 8.22566 | 174.575 | 3880049
Rlog_NoSnap | KNN_100 | 27 | 100 | 554420050776 | 8.22566 | 174.575 | 3880049
Rlog_NoSnap | KNN_100 | 28 | 100 | 544552491229 | 8.22566 | 174.575 | 3880049
Rlog_NoSnap | KNN_100 | 29 | 100 | 802209639242 | 8.22566 | 174.575 | 3880049
Rlog_NoSnap | KNN_100 | 30 | 100 | 438532132406 | 8.22566 | 174.575 | 3880049
Rlog_NoSnap | KNN_100 | 31 | 100 | 415229763878 | 8.22566 | 174.575 | 3880049
Rlog_NoSnap | KNN_100 | 32 | 100 | 556688213752 | 8.22566 | 174.575 | 3880049
Rlog_NoSnap | KNN_100 | 33 | 100 | 401036029489 | 8.22566 | 174.575 | 3880049
Rlog_NoSnap | KNN_100 | 34 | 100 | 796793761131 | 8.22566 | 174.575 | 3880049
Rlog_NoSnap | KNN_100 | 35 | 100 | 823851541350 | 8.22566 | 174.575 | 3880049
Rlog_NoSnap | KNN_100 | 36 | 100 | 501127837269 | 8.22566 | 174.575 | 3880049
Rlog_NoSnap | KNN_100 | 37 | 100 | 482779292076 | 8.22566 | 174.575 | 3880049
Rlog_NoSnap | KNN_100 | 38 | 100 | 815006650928 | 8.22566 | 174.575 | 3880049
Rlog_NoSnap | KNN_100 | 39 | 100 | 507345899346 | 8.22566 | 174.575 | 3880049
Rlog_NoSnap | KNN_100 | 40 | 100 | 632154365310 | 8.22566 | 174.575 | 3880049
Rlog_NoSnap | KNN_100 | 41 | 100 | 760996593110 | 8.22566 | 174.575 | 3880049
Rlog_NoSnap | KNN_100 | 42 | 100 | 940336553812 | 8.22566 | 174.575 | 3880049
Rlog_NoSnap | KNN_100 | 43 | 100 | 823776514133 | 8.22566 | 174.575 | 3880049
Rlog_NoSnap | KNN_100 | 44 | 100 | 715812850237 | 8.22566 | 174.575 | 3880049
Rlog_NoSnap | KNN_100 | 45 | 100 | 558089091978 | 8.22566 | 174.575 | 3880049
Rlog_NoSnap | KNN_100 | 46 | 100 | 739550651624 | 8.22566 | 174.575 | 3880049
Rlog_NoSnap | KNN_100 | 47 | 100 | 540466207648 | 8.22566 | 174.575 | 3880049
Rlog_NoSnap | KNN_100 | 48 | 100 | 489676811571 | 8.22566 | 174.575 | 3880049
Rlog_NoSnap | KNN_100 | 49 | 100 | 691782673050 | 8.22566 | 174.575 | 3880049
Rlog_NoSnap | KNN_100 | 50 | 100 | 431061132449 | 8.22566 | 174.575 | 3880049
Rlog_NoSnap | KNN_100 | 51 | 100 | 613844775795 | 8.22566 | 174.575 | 3880049
Rlog_NoSnap | KNN_100 | 52 | 100 | 552766220535 | 8.22566 | 174.575 | 3880049
Rlog_NoSnap | KNN_100 | 53 | 100 | 718934726803 | 8.22566 | 174.575 | 3880049
Rlog_NoSnap | KNN_100 | 54 | 100 | 447916290807 | 8.22566 | 174.575 | 3880049
Rlog_NoSnap | KNN_100 | 55 | 100 | 618869518805 | 8.22566 | 174.575 | 3880049
Rlog_NoSnap | KNN_100 | 56 | 100 | 782627288209 | 8.22566 | 174.575 | 3880049
Rlog_NoSnap | KNN_100 | 57 | 100 | 811230655115 | 8.22566 | 174.575 | 3880049
Rlog_NoSnap | KNN_100 | 58 | 100 | 463964825089 | 8.22566 | 174.575 | 3880049
Rlog_NoSnap | KNN_100 | 59 | 100 | 588630807048 | 8.22566 | 174.575 | 3880049
Rlog_NoSnap | KNN_100 | 60 | 100 | 801793999787 | 8.22566 | 174.575 | 3880049
Rlog_NoSnap | KNN_100 | 61 | 100 | 637320225941 | 8.22566 | 174.575 | 3880049
Rlog_NoSnap | KNN_100 | 62 | 100 | 662947321992 | 8.22566 | 174.575 | 3880049
Rlog_NoSnap | KNN_100 | 63 | 100 | 843562559752 | 8.22566 | 174.575 | 3880049
Rlog_NoSnap | KNN_100 | 64 | 100 | 740658774228 | 8.22566 | 174.575 | 3880049
Rlog_NoSnap | KNN_100 | 65 | 100 | 991266570560 | 8.22566 | 174.575 | 3880049
Rlog_NoSnap | KNN_100 | 66 | 100 | 567473083417 | 8.22566 | 174.575 | 3880049
Rlog_NoSnap | KNN_100 | 67 | 100 | 649133624160 | 8.22566 | 174.575 | 3880049
Rlog_NoSnap | KNN_100 | 68 | 100 | 745019887850 | 8.22566 | 174.575 | 3880049
Rlog_NoSnap | KNN_100 | 69 | 100 | 872766982646 | 8.22566 | 174.575 | 3880049
Rlog_NoSnap | KNN_100 | 70 | 100 | 594892685653 | 8.22566 | 174.575 | 3880049
Rlog_NoSnap | KNN_100 | 71 | 100 | 845840426495 | 8.22566 | 174.575 | 3880049
Rlog_NoSnap | KNN_100 | 72 | 100 | 657827333603 | 8.22566 | 174.575 | 3880049
Rlog_NoSnap | KNN_100 | 73 | 100 | 619827749865 | 8.22566 | 174.575 | 3880049
Rlog_NoSnap | KNN_100 | 74 | 100 | 862330182723 | 8.22566 | 174.575 | 3880049
Rlog_NoSnap | KNN_100 | 75 | 100 | 484474852464 | 8.22566 | 174.575 | 3880049
Rlog_NoSnap | KNN_100 | 76 | 100 | 410361689808 | 8.22566 | 174.575 | 3880049
Rlog_NoSnap | KNN_100 | 77 | 100 | 596447524223 | 8.22566 | 174.575 | 3880049
Rlog_NoSnap | KNN_100 | 78 | 100 | 860227431254 | 8.22566 | 174.575 | 3880049
Rlog_NoSnap | KNN_100 | 79 | 100 | 685980101196 | 8.22566 | 174.575 | 3880049
Rlog_NoSnap | KNN_100 | 80 | 100 | 550935733143 | 8.22566 | 174.575 | 3880049
Rlog_NoSnap | KNN_100 | 81 | 100 | 331952380984 | 8.22566 | 174.575 | 3880049
Rlog_NoSnap | KNN_100 | 82 | 100 | 482671393291 | 8.22566 | 174.575 | 3880049
Rlog_NoSnap | KNN_100 | 83 | 100 | 498951831633 | 8.22566 | 174.575 | 3880049
Rlog_NoSnap | KNN_100 | 84 | 100 | 641956314873 | 8.22566 | 174.575 | 3880049
Rlog_NoSnap | KNN_100 | 85 | 100 | 381292997022 | 8.22566 | 174.575 | 3880049
Rlog_NoSnap | KNN_100 | 86 | 100 | 425584184322 | 8.22566 | 174.575 | 3880049
Rlog_NoSnap | KNN_100 | 87 | 100 | 856286055946 | 8.22566 | 174.575 | 3880049
Rlog_NoSnap | KNN_100 | 88 | 100 | 593539055561 | 8.22566 | 174.575 | 3880049
Rlog_NoSnap | KNN_100 | 89 | 100 | 745041286372 | 8.22566 | 174.575 | 3880049
Rlog_NoSnap | KNN_100 | 90 | 100 | 405152230639 | 8.22566 | 174.575 | 3880049
Rlog_NoSnap | KNN_100 | 91 | 100 | 424832728966 | 8.22566 | 174.575 | 3880049
Rlog_NoSnap | KNN_100 | 92 | 100 | 397506650383 | 8.22566 | 174.575 | 3880049
Rlog_NoSnap | KNN_100 | 93 | 100 | 592761261465 | 8.22566 | 174.575 | 3880049
Rlog_NoSnap | KNN_100 | 94 | 100 | 415267108316 | 8.22566 | 174.575 | 3880049
Rlog_NoSnap | KNN_100 | 95 | 100 | 588105470864 | 8.22566 | 174.575 | 3880049
Rlog_NoSnap | KNN_100 | 96 | 100 | 651031595994 | 8.22566 | 174.575 | 3880049
Rlog_NoSnap | KNN_100 | 97 | 100 | 423383247250 | 8.22566 | 174.575 | 3880049
Rlog_NoSnap | KNN_100 | 98 | 100 | 376602018877 | 8.22566 | 174.575 | 3880049
Rlog_NoSnap | KNN_100 | 99 | 100 | 714175560579 | 8.22566 | 174.575 | 3880049
