Algo | QType | QID | Count | Hash | Time_ms | Mem_MB | Nodes
Rlog_NoSnap | Range_Small | 0 | 13 | 77370775039 | 7.05165 | 183.934 | 4084482
Rlog_NoSnap | Range_Small | 1 | 39 | 114525137145 | 7.05165 | 183.934 | 4084482
Rlog_NoSnap | Range_Small | 2 | 22 | 129856243729 | 7.05165 | 183.934 | 4084482
Rlog_NoSnap | Range_Small | 3 | 23 | 125861566061 | 7.05165 | 183.934 | 4084482
Rlog_NoSnap | Range_Small | 4 | 12 | 62231256115 | 7.05165 | 183.934 | 4084482
Rlog_NoSnap | Range_Small | 5 | 8 | 24044512384 | 7.05165 | 183.934 | 4084482
Rlog_NoSnap | Range_Small | 6 | 7 | 30210729085 | 7.05165 | 183.934 | 4084482
Rlog_NoSnap | Range_Small | 7 | 25 | 137139152206 | 7.05165 | 183.934 | 4084482
Rlog_NoSnap | Range_Small | 8 | 20 | 69205439825 | 7.05165 | 183.934 | 4084482
Rlog_NoSnap | Range_Small | 9 | 22 | 111590590455 | 7.05165 | 183.934 | 4084482
Rlog_NoSnap | Range_Small | 10 | 5 | 10444192042 | 7.05165 | 183.934 | 4084482
Rlog_NoSnap | Range_Small | 11 | 159 | 1224908840390 | 7.05165 | 183.934 | 4084482
Rlog_NoSnap | Range_Small | 12 | 31 | 160178704371 | 7.05165 | 183.934 | 4084482
Rlog_NoSnap | Range_Small | 13 | 64 | 498902711018 | 7.05165 | 183.934 | 4084482
Rlog_NoSnap | Range_Small | 14 | 94 | 1124713556068 | 7.05165 | 183.934 | 4084482
Rlog_NoSnap | Range_Small | 15 | 11 | 67380626347 | 7.05165 | 183.934 | 4084482
Rlog_NoSnap | Range_Small | 16 | 17 | 94167736767 | 7.05165 | 183.934 | 4084482
Rlog_NoSnap | Range_Small | 17 | 19 | 60888384699 | 7.05165 | 183.934 | 4084482
Rlog_NoSnap | Range_Small | 18 | 91 | 300755550064 | 7.05165 | 183.934 | 4084482
Rlog_NoSnap | Range_Small | 19 | 11 | 49462926783 | 7.05165 | 183.934 | 4084482
Rlog_NoSnap | Range_Small | 20 | 40 | 276082178268 | 7.05165 | 183.934 | 4084482
Rlog_NoSnap | Range_Small | 21 | 8 | 20530185936 | 7.05165 | 183.934 | 4084482
Rlog_NoSnap | Range_Small | 22 | 18 | 154349952349 | 7.05165 | 183.934 | 4084482
Rlog_NoSnap | Range_Small | 23 | 41 | 316751500055 | 7.05165 | 183.934 | 4084482
Rlog_NoSnap | Range_Small | 24 | 24 | 85875862369 | 7.05165 | 183.934 | 4084482
Rlog_NoSnap | Range_Small | 25 | 23 | 109186965647 | 7.05165 | 183.934 | 4084482
Rlog_NoSnap | Range_Small | 26 | 19 | 86547374841 | 7.05165 | 183.934 | 4084482
Rlog_NoSnap | Range_Small | 27 | 17 | 135957155180 | 7.05165 | 183.934 | 4084482
Rlog_NoSnap | Range_Small | 28 | 19 | 76366734289 | 7.05165 | 183.934 | 4084482
Rlog_NoSnap | Range_Small | 29 | 6 | 39220518399 | 7.05165 | 183.934 | 4084482
Rlog_NoSnap | Range_Small | 30 | 24 | 119721156575 | 7.05165 | 183.934 | 4084482
Rlog_NoSnap | Range_Small | 31 | 9 | 38807608900 | 7.05165 | 183.934 | 4084482
Rlog_NoSnap | Range_Small | 32 | 43 | 326466680123 | 7.05165 | 183.934 | 4084482
Rlog_NoSnap | Range_Small | 33 | 43 | 197983429584 | 7.05165 | 183.934 | 4084482
Rlog_NoSnap | Range_Small | 34 | 47 | 335607728439 | 7.05165 | 183.934 | 4084482
Rlog_NoSnap | Range_Small | 35 | 38 | 169573172145 | 7.05165 | 183.934 | 4084482
Rlog_NoSnap | Range_Small | 36 | 36 | 278041914868 | 7.05165 | 183.934 | 4084482
Rlog_NoSnap | Range_Small | 37 | 7 | 27834564444 | 7.05165 | 183.934 | 4084482
Rlog_NoSnap | Range_Small | 38 | 22 | 93085338743 | 7.05165 | 183.934 | 4084482
Rlog_NoSnap | Range_Small | 39 | 23 | 144058810345 | 7.05165 | 183.934 | 4084482
Rlog_NoSnap | Range_Small | 40 | 9 | 65014688263 | 7.05165 | 183.934 | 4084482
Rlog_NoSnap | Range_Small | 41 | 30 | 236699744426 | 7.05165 | 183.934 | 4084482
Rlog_NoSnap | Range_Small | 42 | 20 | 144042841331 | 7.05165 | 183.934 | 4084482
Rlog_NoSnap | Range_Small | 43 | 26 | 109746726127 | 7.05165 | 183.934 | 4084482
Rlog_NoSnap | Range_Small | 44 | 17 | 118507044284 | 7.05165 | 183.934 | 4084482
Rlog_NoSnap | Range_Small | 45 | 421 | 3596916433530 | 7.05165 | 183.934 | 4084482
Rlog_NoSnap | Range_Small | 46 | 13 | 55049055046 | 7.05165 | 183.934 | 4084482
Rlog_NoSnap | Range_Small | 47 | 17 | 67184759025 | 7.05165 | 183.934 | 4084482
Rlog_NoSnap | Range_Small | 48 | 198 | 1993098198593 | 7.05165 | 183.934 | 4084482
Rlog_NoSnap | Range_Small | 49 | 30 | 213510504440 | 7.05165 | 183.934 | 4084482
Rlog_NoSnap | Range_Small | 50 | 28 | 180664455452 | 7.05165 | 183.934 | 4084482
Rlog_NoSnap | Range_Small | 51 | 42 | 278060651999 | 7.05165 | 183.934 | 4084482
Rlog_NoSnap | Range_Small | 52 | 27 | 113726440350 | 7.05165 | 183.934 | 4084482
Rlog_NoSnap | Range_Small | 53 | 33 | 234478734443 | 7.05165 | 183.934 | 4084482
Rlog_NoSnap | Range_Small | 54 | 261 | 2512873875977 | 7.05165 | 183.934 | 4084482
Rlog_NoSnap | Range_Small | 55 | 45 | 292569973122 | 7.05165 | 183.934 | 4084482
Rlog_NoSnap | Range_Small | 56 | 74 | 690193354441 | 7.05165 | 183.934 | 4084482
Rlog_NoSnap | Range_Small | 57 | 9 | 39700892006 | 7.05165 | 183.934 | 4084482
Rlog_NoSnap | Range_Small | 58 | 9 | 70594327845 | 7.05165 | 183.934 | 4084482
Rlog_NoSnap | Range_Small | 59 | 12 | 77427663192 | 7.05165 | 183.934 | 4084482
Rlog_NoSnap | Range_Small | 60 | 14 | 82032329885 | 7.05165 | 183.934 | 4084482
Rlog_NoSnap | Range_Small | 61 | 72 | 610685637097 | 7.05165 | 183.934 | 4084482
Rlog_NoSnap | Range_Small | 62 | 35 | 222736003842 | 7.05165 | 183.934 | 4084482
Rlog_NoSnap | Range_Small | 63 | 12 | 67037267883 | 7.05165 | 183.934 | 4084482
Rlog_NoSnap | Range_Small | 64 | 23 | 160937214155 | 7.05165 | 183.934 | 4084482
Rlog_NoSnap | Range_Small | 65 | 29 | 175744685654 | 7.05165 | 183.934 | 4084482
Rlog_NoSnap | Range_Small | 66 | 16 | 114527890192 | 7.05165 | 183.934 | 4084482
Rlog_NoSnap | Range_Small | 67 | 24 | 79451503086 | 7.05165 | 183.934 | 4084482
Rlog_NoSnap | Range_Small | 68 | 12 | 62455255635 | 7.05165 | 183.934 | 4084482
Rlog_NoSnap | Range_Small | 69 | 28 | 118567150726 | 7.05165 | 183.934 | 4084482
Rlog_NoSnap | Range_Small | 70 | 23 | 96914505325 | 7.05165 | 183.934 | 4084482
Rlog_NoSnap | Range_Small | 71 | 10 | 45787739933 | 7.05165 | 183.934 | 4084482
Rlog_NoSnap | Range_Small | 72 | 8 | 34163189116 | 7.05165 | 183.934 | 4084482
Rlog_NoSnap | Range_Small | 73 | 64 | 459616163497 | 7.05165 | 183.934 | 4084482
Rlog_NoSnap | Range_Small | 74 | 26 | 182234968138 | 7.05165 | 183.934 | 4084482
Rlog_NoSnap | Range_Small | 75 | 193 | 1755647993200 | 7.05165 | 183.934 | 4084482
Rlog_NoSnap | Range_Small | 76 | 57 | 373217383685 | 7.05165 | 183.934 | 4084482
Rlog_NoSnap | Range_Small | 77 | 6 | 36791632285 | 7.05165 | 183.934 | 4084482
Rlog_NoSnap | Range_Small | 78 | 14 | 64679200958 | 7.05165 | 183.934 | 4084482
Rlog_NoSnap | Range_Small | 79 | 7 | 29419315026 | 7.05165 | 183.934 | 4084482
Rlog_NoSnap | Range_Small | 80 | 49 | 320907637658 | 7.05165 | 183.934 | 4084482
Rlog_NoSnap | Range_Small | 81 | 19 | 76911222342 | 7.05165 | 183.934 | 4084482
Rlog_NoSnap | Range_Small | 82 | 26 | 180448329139 | 7.05165 | 183.934 | 4084482
Rlog_NoSnap | Range_Small | 83 | 6 | 25235680887 | 7.05165 | 183.934 | 4084482
Rlog_NoSnap | Range_Small | 84 | 12 | 75262948400 | 7.05165 | 183.934 | 4084482
Rlog_NoSnap | Range_Small | 85 | 12 | 75701376608 | 7.05165 | 183.934 | 4084482
Rlog_NoSnap | Range_Small | 86 | 22 | 102617147316 | 7.05165 | 183.934 | 4084482
Rlog_NoSnap | Range_Small | 87 | 52 | 420258724433 | 7.05165 | 183.934 | 4084482
Rlog_NoSnap | Range_Small | 88 | 68 | 444090789253 | 7.05165 | 183.934 | 4084482
Rlog_NoSnap | Range_Small | 89 | 16 | 67378291398 | 7.05165 | 183.934 | 4084482
Rlog_NoSnap | Range_Small | 90 | 7 | 54446188559 | 7.05165 | 183.934 | 4084482
Rlog_NoSnap | Range_Small | 91 | 39 | 123941598136 | 7.05165 | 183.934 | 4084482
Rlog_NoSnap | Range_Small | 92 | 97 | 788216769559 | 7.05165 | 183.934 | 4084482
Rlog_NoSnap | Range_Small | 93 | 95 | 888546835556 | 7.05165 | 183.934 | 4084482
Rlog_NoSnap | Range_Small | 94 | 938 | 8286210346609 | 7.05165 | 183.934 | 4084482
Rlog_NoSnap | Range_Small | 95 | 21 | 86874649910 | 7.05165 | 183.934 | 4084482
Rlog_NoSnap | Range_Small | 96 | 17 | 95793647740 | 7.05165 | 183.934 | 4084482
Rlog_NoSnap | Range_Small | 97 | 15 | 48307626664 | 7.05165 | 183.934 | 4084482
Rlog_NoSnap | Range_Small | 98 | 5 | 24701734710 | 7.05165 | 183.934 | 4084482
Rlog_NoSnap | Range_Small | 99 | 13 | 81801958022 | 7.05165 | 183.934 | 4084482
Rlog_NoSnap | Range_Med | 0 | 398 | 3374654384105 | 7.08089 | 183.934 | 4084482
Rlog_NoSnap | Range_Med | 1 | 598 | 3376607991970 | 7.08089 | 183.934 | 4084482
Rlog_NoSnap | Range_Med | 2 | 1172 | 9850401987632 | 7.08089 | 183.934 | 4084482
Rlog_NoSnap | Range_Med | 3 | 2764 | 23675143764724 | 7.08089 | 183.934 | 4084482
Rlog_NoSnap | Range_Med | 4 | 2481 | 23940255117372 | 7.08089 | 183.934 | 4084482
Rlog_NoSnap | Range_Med | 5 | 259 | 1392249812552 | 7.08089 | 183.934 | 4084482
Rlog_NoSnap | Range_Med | 6 | 1657 | 14692432068357 | 7.08089 | 183.934 | 4084482
Rlog_NoSnap | Range_Med | 7 | 5897 | 47488829284485 | 7.08089 | 183.934 | 4084482
Rlog_NoSnap | Range_Med | 8 | 318 | 1898885805330 | 7.08089 | 183.934 | 4084482
Rlog_NoSnap | Range_Med | 9 | 148 | 953069041803 | 7.08089 | 183.934 | 4084482
Rlog_NoSnap | Range_Med | 10 | 8834 | 76791772726658 | 7.08089 | 183.934 | 4084482
Rlog_NoSnap | Range_Med | 11 | 253 | 2121255826620 | 7.08089 | 183.934 | 4084482
Rlog_NoSnap | Range_Med | 12 | 2096 | 17323560074040 | 7.08089 | 183.934 | 4084482
Rlog_NoSnap | Range_Med | 13 | 13844 | 129914126378060 | 7.08089 | 183.934 | 4084482
Rlog_NoSnap | Range_Med | 14 | 863 | 5315628804962 | 7.08089 | 183.934 | 4084482
Rlog_NoSnap | Range_Med | 15 | 851 | 4508860839955 | 7.08089 | 183.934 | 4084482
Rlog_NoSnap | Range_Med | 16 | 802 | 3870229672608 | 7.08089 | 183.934 | 4084482
Rlog_NoSnap | Range_Med | 17 | 212 | 1094747251279 | 7.08089 | 183.934 | 4084482
Rlog_NoSnap | Range_Med | 18 | 2336 | 18417355821744 | 7.08089 | 183.934 | 4084482
Rlog_NoSnap | Range_Med | 19 | 606 | 3085479772128 | 7.08089 | 183.934 | 4084482
Rlog_NoSnap | Range_Med | 20 | 1229 | 7626150129878 | 7.08089 | 183.934 | 4084482
Rlog_NoSnap | Range_Med | 21 | 1761 | 13611345529002 | 7.08089 | 183.934 | 4084482
Rlog_NoSnap | Range_Med | 22 | 328 | 2372584712075 | 7.08089 | 183.934 | 4084482
Rlog_NoSnap | Range_Med | 23 | 881 | 8573071699359 | 7.08089 | 183.934 | 4084482
Rlog_NoSnap | Range_Med | 24 | 572 | 4271048784025 | 7.08089 | 183.934 | 4084482
Rlog_NoSnap | Range_Med | 25 | 2986 | 22879699772897 | 7.08089 | 183.934 | 4084482
Rlog_NoSnap | Range_Med | 26 | 3510 | 28940941250830 | 7.08089 | 183.934 | 4084482
Rlog_NoSnap | Range_Med | 27 | 1570 | 11529320816489 | 7.08089 | 183.934 | 4084482
Rlog_NoSnap | Range_Med | 28 | 34 | 119748120536 | 7.08089 | 183.934 | 4084482
Rlog_NoSnap | Range_Med | 29 | 7290 | 73501704081570 | 7.08089 | 183.934 | 4084482
Rlog_NoSnap | Range_Med | 30 | 485 | 2693902982368 | 7.08089 | 183.934 | 4084482
Rlog_NoSnap | Range_Med | 31 | 273 | 1812781149404 | 7.08089 | 183.934 | 4084482
Rlog_NoSnap | Range_Med | 32 | 122 | 489676504281 | 7.08089 | 183.934 | 4084482
Rlog_NoSnap | Range_Med | 33 | 944 | 8041655026557 | 7.08089 | 183.934 | 4084482
Rlog_NoSnap | Range_Med | 34 | 976 | 5526745402979 | 7.08089 | 183.934 | 4084482
Rlog_NoSnap | Range_Med | 35 | 326 | 1585600182301 | 7.08089 | 183.934 | 4084482
Rlog_NoSnap | Range_Med | 36 | 1390 | 11205662761406 | 7.08089 | 183.934 | 4084482
Rlog_NoSnap | Range_Med | 37 | 802 | 4489969507745 | 7.08089 | 183.934 | 4084482
Rlog_NoSnap | Range_Med | 38 | 425 | 2349709614240 | 7.08089 | 183.934 | 4084482
Rlog_NoSnap | Range_Med | 39 | 1218 | 6700931381197 | 7.08089 | 183.934 | 4084482
Rlog_NoSnap | Range_Med | 40 | 3618 | 27516946369417 | 7.08089 | 183.934 | 4084482
Rlog_NoSnap | Range_Med | 41 | 1857 | 16104214339416 | 7.08089 | 183.934 | 4084482
Rlog_NoSnap | Range_Med | 42 | 1010 | 6804847556931 | 7.08089 | 183.934 | 4084482
Rlog_NoSnap | Range_Med | 43 | 287 | 1143165483202 | 7.08089 | 183.934 | 4084482
Rlog_NoSnap | Range_Med | 44 | 850 | 6741167630821 | 7.08089 | 183.934 | 4084482
Rlog_NoSnap | Range_Med | 45 | 473 | 3701232757183 | 7.08089 | 183.934 | 4084482
Rlog_NoSnap | Range_Med | 46 | 1194 | 9629956653455 | 7.08089 | 183.934 | 4084482
Rlog_NoSnap | Range_Med | 47 | 437 | 1854859526811 | 7.08089 | 183.934 | 4084482
Rlog_NoSnap | Range_Med | 48 | 70 | 221325786961 | 7.08089 | 183.934 | 4084482
Rlog_NoSnap | Range_Med | 49 | 640 | 4799055700555 | 7.08089 | 183.934 | 4084482
Rlog_NoSnap | Range_Med | 50 | 1292 | 10048978471910 | 7.08089 | 183.934 | 4084482
Rlog_NoSnap | Range_Med | 51 | 281 | 1682582894151 | 7.08089 | 183.934 | 4084482
Rlog_NoSnap | Range_Med | 52 | 444 | 3627115996528 | 7.08089 | 183.934 | 4084482
Rlog_NoSnap | Range_Med | 53 | 525 | 3066762014975 | 7.08089 | 183.934 | 4084482
Rlog_NoSnap | Range_Med | 54 | 11905 | 111745038093347 | 7.08089 | 183.934 | 4084482
Rlog_NoSnap | Range_Med | 55 | 367 | 2421720344360 | 7.08089 | 183.934 | 4084482
Rlog_NoSnap | Range_Med | 56 | 1028 | 5468472836713 | 7.08089 | 183.934 | 4084482
Rlog_NoSnap | Range_Med | 57 | 669 | 2840942766898 | 7.08089 | 183.934 | 4084482
Rlog_NoSnap | Range_Med | 58 | 742 | 6598489212427 | 7.08089 | 183.934 | 4084482
Rlog_NoSnap | Range_Med | 59 | 3729 | 32873692316811 | 7.08089 | 183.934 | 4084482
Rlog_NoSnap | Range_Med | 60 | 357 | 1797920798542 | 7.08089 | 183.934 | 4084482
Rlog_NoSnap | Range_Med | 61 | 1354 | 11684699506610 | 7.08089 | 183.934 | 4084482
Rlog_NoSnap | Range_Med | 62 | 2186 | 17467117558977 | 7.08089 | 183.934 | 4084482
Rlog_NoSnap | Range_Med | 63 | 2312 | 20565797113587 | 7.08089 | 183.934 | 4084482
Rlog_NoSnap | Range_Med | 64 | 1236 | 10443717385918 | 7.08089 | 183.934 | 4084482
Rlog_NoSnap | Range_Med | 65 | 990 | 5518135048475 | 7.08089 | 183.934 | 4084482
Rlog_NoSnap | Range_Med | 66 | 730 | 4960939617577 | 7.08089 | 183.934 | 4084482
Rlog_NoSnap | Range_Med | 67 | 360 | 2681544996807 | 7.08089 | 183.934 | 4084482
Rlog_NoSnap | Range_Med | 68 | 898 | 9287066340451 | 7.08089 | 183.934 | 4084482
Rlog_NoSnap | Range_Med | 69 | 693 | 4040636954371 | 7.08089 | 183.934 | 4084482
Rlog_NoSnap | Range_Med | 70 | 1121 | 7249280438156 | 7.08089 | 183.934 | 4084482
Rlog_NoSnap | Range_Med | 71 | 60 | 379578754420 | 7.08089 | 183.934 | 4084482
Rlog_NoSnap | Range_Med | 72 | 569 | 3965285963142 | 7.08089 | 183.934 | 4084482
Rlog_NoSnap | Range_Med | 73 | 215 | 925655782347 | 7.08089 | 183.934 | 4084482
Rlog_NoSnap | Range_Med | 74 | 1009 | 5987198891833 | 7.08089 | 183.934 | 4084482
Rlog_NoSnap | Range_Med | 75 | 288 | 2128352121093 | 7.08089 | 183.934 | 4084482
Rlog_NoSnap | Range_Med | 76 | 645 | 2718531937320 | 7.08089 | 183.934 | 4084482
Rlog_NoSnap | Range_Med | 77 | 1505 | 8916114241583 | 7.08089 | 183.934 | 4084482
Rlog_NoSnap | Range_Med | 78 | 18920 | 165408947071545 | 7.08089 | 183.934 | 4084482
Rlog_NoSnap | Range_Med | 79 | 512 | 4588321017675 | 7.08089 | 183.934 | 4084482
Rlog_NoSnap | Range_Med | 80 | 1403 | 11584087012770 | 7.08089 | 183.934 | 4084482
Rlog_NoSnap | Range_Med | 81 | 1558 | 14918005423944 | 7.08089 | 183.934 | 4084482
Rlog_NoSnap | Range_Med | 82 | 4806 | 44395784829843 | 7.08089 | 183.934 | 4084482
Rlog_NoSnap | Range_Med | 83 | 7581 | 66575189821812 | 7.08089 | 183.934 | 4084482
Rlog_NoSnap | Range_Med | 84 | 388 | 2605077485981 | 7.08089 | 183.934 | 4084482
Rlog_NoSnap | Range_Med | 85 | 2519 | 21467817839343 | 7.08089 | 183.934 | 4084482
Rlog_NoSnap | Range_Med | 86 | 823 | 6376691059041 | 7.08089 | 183.934 | 4084482
Rlog_NoSnap | Range_Med | 87 | 2450 | 19572333911360 | 7.08089 | 183.934 | 4084482
Rlog_NoSnap | Range_Med | 88 | 593 | 3133780343308 | 7.08089 | 183.934 | 4084482
Rlog_NoSnap | Range_Med | 89 | 1219 | 10140779445850 | 7.08089 | 183.934 | 4084482
Rlog_NoSnap | Range_Med | 90 | 117 | 899589426657 | 7.08089 | 183.934 | 4084482
Rlog_NoSnap | Range_Med | 91 | 1498 | 10883994535948 | 7.08089 | 183.934 | 4084482
Rlog_NoSnap | Range_Med | 92 | 2320 | 18279970372343 | 7.08089 | 183.934 | 4084482
Rlog_NoSnap | Range_Med | 93 | 1399 | 10257596609932 | 7.08089 | 183.934 | 4084482
Rlog_NoSnap | Range_Med | 94 | 1038 | 8149212316848 | 7.08089 | 183.934 | 4084482
Rlog_NoSnap | Range_Med | 95 | 6591 | 61801148728975 | 7.08089 | 183.934 | 4084482
Rlog_NoSnap | Range_Med | 96 | 4322 | 39732902506226 | 7.08089 | 183.934 | 4084482
Rlog_NoSnap | Range_Med | 97 | 2154 | 17593579401882 | 7.08089 | 183.934 | 4084482
Rlog_NoSnap | Range_Med | 98 | 4016 | 33925920043661 | 7.08089 | 183.934 | 4084482
Rlog_NoSnap | Range_Med | 99 | 2433 | 20382000403401 | 7.08089 | 183.934 | 4084482
Rlog_NoSnap | Range_Large | 0 | 2677 | 15019869938141 | 7.14692 | 183.934 | 4084482
Rlog_NoSnap | Range_Large | 1 | 1360 | 8857178122985 | 7.14692 | 183.934 | 4084482
Rlog_NoSnap | Range_Large | 2 | 6360 | 56340592815694 | 7.14692 | 183.934 | 4084482
Rlog_NoSnap | Range_Large | 3 | 6148 | 45025846729290 | 7.14692 | 183.934 | 4084482
Rlog_NoSnap | Range_Large | 4 | 6230 | 47615013759333 | 7.14692 | 183.934 | 4084482
Rlog_NoSnap | Range_Large | 5 | 895 | 3922673515062 | 7.14692 | 183.934 | 4084482
Rlog_NoSnap | Range_Large | 6 | 1285 | 6383831433028 | 7.14692 | 183.934 | 4084482
Rlog_NoSnap | Range_Large | 7 | 20904 | 183428032899883 | 7.14692 | 183.934 | 4084482
Rlog_NoSnap | Range_Large | 8 | 4154 | 33531776720030 | 7.14692 | 183.934 | 4084482
Rlog_NoSnap | Range_Large | 9 | 3904 | 33306939485060 | 7.14692 | 183.934 | 4084482
Rlog_NoSnap | Range_Large | 10 | 2909 | 16698214477072 | 7.14692 | 183.934 | 4084482
Rlog_NoSnap | Range_Large | 11 | 4679 | 30251571768815 | 7.14692 | 183.934 | 4084482
Rlog_NoSnap | Range_Large | 12 | 13701 | 115702008574760 | 7.14692 | 183.934 | 4084482
Rlog_NoSnap | Range_Large | 13 | 3863 | 22683938432218 | 7.14692 | 183.934 | 4084482
Rlog_NoSnap | Range_Large | 14 | 8899 | 70340918246414 | 7.14692 | 183.934 | 4084482
Rlog_NoSnap | Range_Large | 15 | 1597 | 8378547601133 | 7.14692 | 183.934 | 4084482
Rlog_NoSnap | Range_Large | 16 | 7615 | 60449469178160 | 7.14692 | 183.934 | 4084482
Rlog_NoSnap | Range_Large | 17 | 6747 | 41622540222545 | 7.14692 | 183.934 | 4084482
Rlog_NoSnap | Range_Large | 18 | 13528 | 107577272302534 | 7.14692 | 183.934 | 4084482
Rlog_NoSnap | Range_Large | 19 | 19239 | 153400529653164 | 7.14692 | 183.934 | 4084482
Rlog_NoSnap | Range_Large | 20 | 9531 | 82651170667780 | 7.14692 | 183.934 | 4084482
Rlog_NoSnap | Range_Large | 21 | 31319 | 281579503894593 | 7.14692 | 183.934 | 4084482
Rlog_NoSnap | Range_Large | 22 | 1828 | 12529808291308 | 7.14692 | 183.934 | 4084482
Rlog_NoSnap | Range_Large | 23 | 6738 | 60487153812444 | 7.14692 | 183.934 | 4084482
Rlog_NoSnap | Range_Large | 24 | 9180 | 73343401771580 | 7.14692 | 183.934 | 4084482
Rlog_NoSnap | Range_Large | 25 | 3185 | 23129532726072 | 7.14692 | 183.934 | 4084482
Rlog_NoSnap | Range_Large | 26 | 14870 | 93733804393004 | 7.14692 | 183.934 | 4084482
Rlog_NoSnap | Range_Large | 27 | 2074 | 12294857279096 | 7.14692 | 183.934 | 4084482
Rlog_NoSnap | Range_Large | 28 | 28073 | 243099240184685 | 7.14692 | 183.934 | 4084482
Rlog_NoSnap | Range_Large | 29 | 32820 | 272926473918177 | 7.14692 | 183.934 | 4084482
Rlog_NoSnap | Range_Large | 30 | 3672 | 19411806705191 | 7.14692 | 183.934 | 4084482
Rlog_NoSnap | Range_Large | 31 | 14730 | 139872673313507 | 7.14692 | 183.934 | 4084482
Rlog_NoSnap | Range_Large | 32 | 3892 | 27449177779502 | 7.14692 | 183.934 | 4084482
Rlog_NoSnap | Range_Large | 33 | 28298 | 246293224692462 | 7.14692 | 183.934 | 4084482
Rlog_NoSnap | Range_Large | 34 | 1763 | 10024010615225 | 7.14692 | 183.934 | 4084482
Rlog_NoSnap | Range_Large | 35 | 4215 | 25655999065118 | 7.14692 | 183.934 | 4084482
Rlog_NoSnap | Range_Large | 36 | 4476 | 31426893943107 | 7.14692 | 183.934 | 4084482
Rlog_NoSnap | Range_Large | 37 | 4656 | 39624027902878 | 7.14692 | 183.934 | 4084482
Rlog_NoSnap | Range_Large | 38 | 25411 | 233408639629285 | 7.14692 | 183.934 | 4084482
Rlog_NoSnap | Range_Large | 39 | 11530 | 110010648504671 | 7.14692 | 183.934 | 4084482
Rlog_NoSnap | Range_Large | 40 | 4811 | 28176423644550 | 7.14692 | 183.934 | 4084482
Rlog_NoSnap | Range_Large | 41 | 15197 | 127291676218522 | 7.14692 | 183.934 | 4084482
Rlog_NoSnap | Range_Large | 42 | 111912 | 1000626658903348 | 7.14692 | 183.934 | 4084482
Rlog_NoSnap | Range_Large | 43 | 7664 | 67155247146858 | 7.14692 | 183.934 | 4084482
Rlog_NoSnap | Range_Large | 44 | 938 | 6288332933978 | 7.14692 | 183.934 | 4084482
Rlog_NoSnap | Range_Large | 45 | 3182 | 13888897250414 | 7.14692 | 183.934 | 4084482
Rlog_NoSnap | Range_Large | 46 | 14704 | 132233583381363 | 7.14692 | 183.934 | 4084482
Rlog_NoSnap | Range_Large | 47 | 24811 | 217422120853983 | 7.14692 | 183.934 | 4084482
Rlog_NoSnap | Range_Large | 48 | 17530 | 155704361855595 | 7.14692 | 183.934 | 4084482
Rlog_NoSnap | Range_Large | 49 | 7019 | 44656340983145 | 7.14692 | 183.934 | 4084482
Rlog_NoSnap | Range_Large | 50 | 7283 | 61370485718303 | 7.14692 | 183.934 | 4084482
Rlog_NoSnap | Range_Large | 51 | 3389 | 23538172620752 | 7.14692 | 183.934 | 4084482
Rlog_NoSnap | Range_Large | 52 | 3897 | 20800726301678 | 7.14692 | 183.934 | 4084482
Rlog_NoSnap | Range_Large | 53 | 2056 | 11433714136733 | 7.14692 | 183.934 | 4084482
Rlog_NoSnap | Range_Large | 54 | 1389 | 6198790428680 | 7.14692 | 183.934 | 4084482
Rlog_NoSnap | Range_Large | 55 | 2724 | 13388564829295 | 7.14692 | 183.934 | 4084482
Rlog_NoSnap | Range_Large | 56 | 34057 | 305309263482163 | 7.14692 | 183.934 | 4084482
Rlog_NoSnap | Range_Large | 57 | 3662 | 21892479056503 | 7.14692 | 183.934 | 4084482
Rlog_NoSnap | Range_Large | 58 | 2660 | 13182385548838 | 7.14692 | 183.934 | 4084482
Rlog_NoSnap | Range_Large | 59 | 7423 | 61966443376175 | 7.14692 | 183.934 | 4084482
Rlog_NoSnap | Range_Large | 60 | 10530 | 86832620198121 | 7.14692 | 183.934 | 4084482
Rlog_NoSnap | Range_Large | 61 | 8435 | 65501887447863 | 7.14692 | 183.934 | 4084482
Rlog_NoSnap | Range_Large | 62 | 1897 | 10692843889378 | 7.14692 | 183.934 | 4084482
Rlog_NoSnap | Range_Large | 63 | 36959 | 343726586413665 | 7.14692 | 183.934 | 4084482
Rlog_NoSnap | Range_Large | 64 | 12308 | 93670192183924 | 7.14692 | 183.934 | 4084482
Rlog_NoSnap | Range_Large | 65 | 3620 | 18660100079029 | 7.14692 | 183.934 | 4084482
Rlog_NoSnap | Range_Large | 66 | 14022 | 116924606014864 | 7.14692 | 183.934 | 4084482
Rlog_NoSnap | Range_Large | 67 | 53451 | 502072440956039 | 7.14692 | 183.934 | 4084482
Rlog_NoSnap | Range_Large | 68 | 18399 | 167775923540789 | 7.14692 | 183.934 | 4084482
Rlog_NoSnap | Range_Large | 69 | 9931 | 90246387058559 | 7.14692 | 183.934 | 4084482
Rlog_NoSnap | Range_Large | 70 | 3399 | 16342145478155 | 7.14692 | 183.934 | 4084482
Rlog_NoSnap | Range_Large | 71 | 5003 | 29159187768482 | 7.14692 | 183.934 | 4084482
Rlog_NoSnap | Range_Large | 72 | 27384 | 243600644492174 | 7.14692 | 183.934 | 4084482
Rlog_NoSnap | Range_Large | 73 | 4139 | 17473399345049 | 7.14692 | 183.934 | 4084482
Rlog_NoSnap | Range_Large | 74 | 3116 | 14627117741123 | 7.14692 | 183.934 | 4084482
Rlog_NoSnap | Range_Large | 75 | 13271 | 109714598399862 | 7.14692 | 183.934 | 4084482
Rlog_NoSnap | Range_Large | 76 | 19831 | 178685919549566 | 7.14692 | 183.934 | 4084482
Rlog_NoSnap | Range_Large | 77 | 18114 | 153109980774545 | 7.14692 | 183.934 | 4084482
Rlog_NoSnap | Range_Large | 78 | 2779 | 12314624642692 | 7.14692 | 183.934 | 4084482
Rlog_NoSnap | Range_Large | 79 | 6525 | 41729548632417 | 7.14692 | 183.934 | 4084482
Rlog_NoSnap | Range_Large | 80 | 21420 | 177720684984624 | 7.14692 | 183.934 | 4084482
Rlog_NoSnap | Range_Large | 81 | 13006 | 105401188519304 | 7.14692 | 183.934 | 4084482
Rlog_NoSnap | Range_Large | 82 | 8827 | 56413227168190 | 7.14692 | 183.934 | 4084482
Rlog_NoSnap | Range_Large | 83 | 2965 | 24867357891965 | 7.14692 | 183.934 | 4084482
Rlog_NoSnap | Range_Large | 84 | 6889 | 55155673271940 | 7.14692 | 183.934 | 4084482
Rlog_NoSnap | Range_Large | 85 | 2017 | 16044786009527 | 7.14692 | 183.934 | 4084482
Rlog_NoSnap | Range_Large | 86 | 4386 | 31177023538235 | 7.14692 | 183.934 | 4084482
Rlog_NoSnap | Range_Large | 87 | 4864 | 41175919231742 | 7.14692 | 183.934 | 4084482
Rlog_NoSnap | Range_Large | 88 | 8799 | 79398507695731 | 7.14692 | 183.934 | 4084482
Rlog_NoSnap | Range_Large | 89 | 14086 | 122801787211707 | 7.14692 | 183.934 | 4084482
Rlog_NoSnap | Range_Large | 90 | 2639 | 19336097422019 | 7.14692 | 183.934 | 4084482
Rlog_NoSnap | Range_Large | 91 | 19947 | 190912475298666 | 7.14692 | 183.934 | 4084482
Rlog_NoSnap | Range_Large | 92 | 6225 | 46585918522336 | 7.14692 | 183.934 | 4084482
Rlog_NoSnap | Range_Large | 93 | 8955 | 80951689033291 | 7.14692 | 183.934 | 4084482
Rlog_NoSnap | Range_Large | 94 | 2347 | 16594304919822 | 7.14692 | 183.934 | 4084482
Rlog_NoSnap | Range_Large | 95 | 21030 | 181218987513325 | 7.14692 | 183.934 | 4084482
Rlog_NoSnap | Range_Large | 96 | 17442 | 148186346716067 | 7.14692 | 183.934 | 4084482
Rlog_NoSnap | Range_Large | 97 | 1548 | 9720954177235 | 7.14692 | 183.934 | 4084482
Rlog_NoSnap | Range_Large | 98 | 4214 | 28799616583281 | 7.14692 | 183.934 | 4084482
Rlog_NoSnap | Range_Large | 99 | 3041 | 23822958940236 | 7.14692 | 183.934 | 4084482
Rlog_NoSnap | KNN_1 | 0 | 1 | 4575682056 | 8.65165 | 183.934 | 4084482
Rlog_NoSnap | KNN_1 | 1 | 1 | 7997479506 | 8.65165 | 183.934 | 4084482
Rlog_NoSnap | KNN_1 | 2 | 1 | 4590231045 | 8.65165 | 183.934 | 4084482
Rlog_NoSnap | KNN_1 | 3 | 1 | 7510506858 | 8.65165 | 183.934 | 4084482
Rlog_NoSnap | KNN_1 | 4 | 1 | 5628445575 | 8.65165 | 183.934 | 4084482
Rlog_NoSnap | KNN_1 | 5 | 1 | 4015258700 | 8.65165 | 183.934 | 4084482
Rlog_NoSnap | KNN_1 | 6 | 1 | 4336033733 | 8.65165 | 183.934 | 4084482
Rlog_NoSnap | KNN_1 | 7 | 1 | 5869450688 | 8.65165 | 183.934 | 4084482
Rlog_NoSnap | KNN_1 | 8 | 1 | 3423675630 | 8.65165 | 183.934 | 4084482
Rlog_NoSnap | KNN_1 | 9 | 1 | 3976755793 | 8.65165 | 183.934 | 4084482
Rlog_NoSnap | KNN_1 | 10 | 1 | 7778027231 | 8.65165 | 183.934 | 4084482
Rlog_NoSnap | KNN_1 | 11 | 1 | 6584367975 | 8.65165 | 183.934 | 4084482
Rlog_NoSnap | KNN_1 | 12 | 1 | 3976368154 | 8.65165 | 183.934 | 4084482
Rlog_NoSnap | KNN_1 | 13 | 1 | 7730815393 | 8.65165 | 183.934 | 4084482
Rlog_NoSnap | KNN_1 | 14 | 1 | 1988275205 | 8.65165 | 183.934 | 4084482
Rlog_NoSnap | KNN_1 | 15 | 1 | 4386617434 | 8.65165 | 183.934 | 4084482
Rlog_NoSnap | KNN_1 | 16 | 1 | 7023544740 | 8.65165 | 183.934 | 4084482
Rlog_NoSnap | KNN_1 | 17 | 1 | 1987011528 | 8.65165 | 183.934 | 4084482
Rlog_NoSnap | KNN_1 | 18 | 1 | 6230510944 | 8.65165 | 183.934 | 4084482
Rlog_NoSnap | KNN_1 | 19 | 1 | 4577766543 | 8.65165 | 183.934 | 4084482
Rlog_NoSnap | KNN_1 | 20 | 1 | 4095483562 | 8.65165 | 183.934 | 4084482
Rlog_NoSnap | KNN_1 | 21 | 1 | 5000907787 | 8.65165 | 183.934 | 4084482
Rlog_NoSnap | KNN_1 | 22 | 1 | 5761350774 | 8.65165 | 183.934 | 4084482
Rlog_NoSnap | KNN_1 | 23 | 1 | 5991443901 | 8.65165 | 183.934 | 4084482
Rlog_NoSnap | KNN_1 | 24 | 1 | 4387189754 | 8.65165 | 183.934 | 4084482
Rlog_NoSnap | KNN_1 | 25 | 1 | 4385094318 | 8.65165 | 183.934 | 4084482
Rlog_NoSnap | KNN_1 | 26 | 1 | 4691869384 | 8.65165 | 183.934 | 4084482
Rlog_NoSnap | KNN_1 | 27 | 1 | 4747259593 | 8.65165 | 183.934 | 4084482
Rlog_NoSnap | KNN_1 | 28 | 1 | 4212083336 | 8.65165 | 183.934 | 4084482
Rlog_NoSnap | KNN_1 | 29 | 1 | 4210576587 | 8.65165 | 183.934 | 4084482
Rlog_NoSnap | KNN_1 | 30 | 1 | 7497484905 | 8.65165 | 183.934 | 4084482
Rlog_NoSnap | KNN_1 | 31 | 1 | 5962870287 | 8.65165 | 183.934 | 4084482
Rlog_NoSnap | KNN_1 | 32 | 1 | 3992672186 | 8.65165 | 183.934 | 4084482
Rlog_NoSnap | KNN_1 | 33 | 1 | 4333675278 | 8.65165 | 183.934 | 4084482
Rlog_NoSnap | KNN_1 | 34 | 1 | 5879523595 | 8.65165 | 183.934 | 4084482
Rlog_NoSnap | KNN_1 | 35 | 1 | 7505382590 | 8.65165 | 183.934 | 4084482
Rlog_NoSnap | KNN_1 | 36 | 1 | 4910881224 | 8.65165 | 183.934 | 4084482
Rlog_NoSnap | KNN_1 | 37 | 1 | 3423743443 | 8.65165 | 183.934 | 4084482
Rlog_NoSnap | KNN_1 | 38 | 1 | 5626333269 | 8.65165 | 183.934 | 4084482
Rlog_NoSnap | KNN_1 | 39 | 1 | 5902544922 | 8.65165 | 183.934 | 4084482
Rlog_NoSnap | KNN_1 | 40 | 1 | 4205960373 | 8.65165 | 183.934 | 4084482
Rlog_NoSnap | KNN_1 | 41 | 1 | 4606115580 | 8.65165 | 183.934 | 4084482
Rlog_NoSnap | KNN_1 | 42 | 1 | 4978738048 | 8.65165 | 183.934 | 4084482
Rlog_NoSnap | KNN_1 | 43 | 1 | 4333674616 | 8.65165 | 183.934 | 4084482
Rlog_NoSnap | KNN_1 | 44 | 1 | 4214891440 | 8.65165 | 183.934 | 4084482
Rlog_NoSnap | KNN_1 | 45 | 1 | 4659473211 | 8.65165 | 183.934 | 4084482
Rlog_NoSnap | KNN_1 | 46 | 1 | 6638605727 | 8.65165 | 183.934 | 4084482
Rlog_NoSnap | KNN_1 | 47 | 1 | 4143042923 | 8.65165 | 183.934 | 4084482
Rlog_NoSnap | KNN_1 | 48 | 1 | 4702305787 | 8.65165 | 183.934 | 4084482
Rlog_NoSnap | KNN_1 | 49 | 1 | 5634155702 | 8.65165 | 183.934 | 4084482
Rlog_NoSnap | KNN_1 | 50 | 1 | 5859604669 | 8.65165 | 183.934 | 4084482
Rlog_NoSnap | KNN_1 | 51 | 1 | 7013484993 | 8.65165 | 183.934 | 4084482
Rlog_NoSnap | KNN_1 | 52 | 1 | 3999814260 | 8.65165 | 183.934 | 4084482
Rlog_NoSnap | KNN_1 | 53 | 1 | 4333674185 | 8.65165 | 183.934 | 4084482
Rlog_NoSnap | KNN_1 | 54 | 1 | 4684402292 | 8.65165 | 183.934 | 4084482
Rlog_NoSnap | KNN_1 | 55 | 1 | 5893591636 | 8.65165 | 183.934 | 4084482
Rlog_NoSnap | KNN_1 | 56 | 1 | 247433584 | 8.65165 | 183.934 | 4084482
Rlog_NoSnap | KNN_1 | 57 | 1 | 3799929283 | 8.65165 | 183.934 | 4084482
Rlog_NoSnap | KNN_1 | 58 | 1 | 4212085742 | 8.65165 | 183.934 | 4084482
Rlog_NoSnap | KNN_1 | 59 | 1 | 4212083504 | 8.65165 | 183.934 | 4084482
Rlog_NoSnap | KNN_1 | 60 | 1 | 4318454293 | 8.65165 | 183.934 | 4084482
Rlog_NoSnap | KNN_1 | 61 | 1 | 4143087651 | 8.65165 | 183.934 | 4084482
Rlog_NoSnap | KNN_1 | 62 | 1 | 2896215839 | 8.65165 | 183.934 | 4084482
Rlog_NoSnap | KNN_1 | 63 | 1 | 4664386115 | 8.65165 | 183.934 | 4084482
Rlog_NoSnap | KNN_1 | 64 | 1 | 5397511528 | 8.65165 | 183.934 | 4084482
Rlog_NoSnap | KNN_1 | 65 | 1 | 6452188184 | 8.65165 | 183.934 | 4084482
Rlog_NoSnap | KNN_1 | 66 | 1 | 4577376023 | 8.65165 | 183.934 | 4084482
Rlog_NoSnap | KNN_1 | 67 | 1 | 4165367857 | 8.65165 | 183.934 | 4084482
Rlog_NoSnap | KNN_1 | 68 | 1 | 6536639221 | 8.65165 | 183.934 | 4084482
Rlog_NoSnap | KNN_1 | 69 | 1 | 3423272632 | 8.65165 | 183.934 | 4084482
Rlog_NoSnap | KNN_1 | 70 | 1 | 8257980960 | 8.65165 | 183.934 | 4084482
Rlog_NoSnap | KNN_1 | 71 | 1 | 3336578794 | 8.65165 | 183.934 | 4084482
Rlog_NoSnap | KNN_1 | 72 | 1 | 5292525405 | 8.65165 | 183.934 | 4084482
Rlog_NoSnap | KNN_1 | 73 | 1 | 4957400158 | 8.65165 | 183.934 | 4084482
Rlog_NoSnap | KNN_1 | 74 | 1 | 4680541541 | 8.65165 | 183.934 | 4084482
Rlog_NoSnap | KNN_1 | 75 | 1 | 3005424492 | 8.65165 | 183.934 | 4084482
Rlog_NoSnap | KNN_1 | 76 | 1 | 3411963016 | 8.65165 | 183.934 | 4084482
Rlog_NoSnap | KNN_1 | 77 | 1 | 4201794119 | 8.65165 | 183.934 | 4084482
Rlog_NoSnap | KNN_1 | 78 | 1 | 4095874680 | 8.65165 | 183.934 | 4084482
Rlog_NoSnap | KNN_1 | 79 | 1 | 5761184462 | 8.65165 | 183.934 | 4084482
Rlog_NoSnap | KNN_1 | 80 | 1 | 2535070310 | 8.65165 | 183.934 | 4084482
Rlog_NoSnap | KNN_1 | 81 | 1 | 2032371895 | 8.65165 | 183.934 | 4084482
Rlog_NoSnap | KNN_1 | 82 | 1 | 4427656140 | 8.65165 | 183.934 | 4084482
Rlog_NoSnap | KNN_1 | 83 | 1 | 3951748191 | 8.65165 | 183.934 | 4084482
Rlog_NoSnap | KNN_1 | 84 | 1 | 4231465658 | 8.65165 | 183.934 | 4084482
Rlog_NoSnap | KNN_1 | 85 | 1 | 3418427594 | 8.65165 | 183.934 | 4084482
Rlog_NoSnap | KNN_1 | 86 | 1 | 7911633228 | 8.65165 | 183.934 | 4084482
Rlog_NoSnap | KNN_1 | 87 | 1 | 4231465968 | 8.65165 | 183.934 | 4084482
Rlog_NoSnap | KNN_1 | 88 | 1 | 3856575026 | 8.65165 | 183.934 | 4084482
Rlog_NoSnap | KNN_1 | 89 | 1 | 4205483355 | 8.65165 | 183.934 | 4084482
Rlog_NoSnap | KNN_1 | 90 | 1 | 5303865532 | 8.65165 | 183.934 | 4084482
Rlog_NoSnap | KNN_1 | 91 | 1 | 4577893306 | 8.65165 | 183.934 | 4084482
Rlog_NoSnap | KNN_1 | 92 | 1 | 4642616781 | 8.65165 | 183.934 | 4084482
Rlog_NoSnap | KNN_1 | 93 | 1 | 5879555831 | 8.65165 | 183.934 | 4084482
Rlog_NoSnap | KNN_1 | 94 | 1 | 3423743791 | 8.65165 | 183.934 | 4084482
Rlog_NoSnap | KNN_1 | 95 | 1 | 3460368897 | 8.65165 | 183.934 | 4084482
Rlog_NoSnap | KNN_1 | 96 | 1 | 4335994731 | 8.65165 | 183.934 | 4084482
Rlog_NoSnap | KNN_1 | 97 | 1 | 5214756980 | 8.65165 | 183.934 | 4084482
Rlog_NoSnap | KNN_1 | 98 | 1 | 4205945945 | 8.65165 | 183.934 | 4084482
Rlog_NoSnap | KNN_1 | 99 | 1 | 3976276878 | 8.65165 | 183.934 | 4084482
Rlog_NoSnap | KNN_10 | 0 | 10 | 86182223412 | 8.67043 | 183.934 | 4084482
Rlog_NoSnap | KNN_10 | 1 | 10 | 42053819576 | 8.67043 | 183.934 | 4084482
Rlog_NoSnap | KNN_10 | 2 | 10 | 51057708853 | 8.67043 | 183.934 | 4084482
Rlog_NoSnap | KNN_10 | 3 | 10 | 42098045580 | 8.67043 | 183.934 | 4084482
Rlog_NoSnap | KNN_10 | 4 | 10 | 71887499367 | 8.67043 | 183.934 | 4084482
Rlog_NoSnap | KNN_10 | 5 | 10 | 81122789891 | 8.67043 | 183.934 | 4084482
Rlog_NoSnap | KNN_10 | 6 | 10 | 43268138063 | 8.67043 | 183.934 | 4084482
Rlog_NoSnap | KNN_10 | 7 | 10 | 28347241630 | 8.67043 | 183.934 | 4084482
Rlog_NoSnap | KNN_10 | 8 | 10 | 36230777026 | 8.67043 | 183.934 | 4084482
Rlog_NoSnap | KNN_10 | 9 | 10 | 59025153145 | 8.67043 | 183.934 | 4084482
Rlog_NoSnap | KNN_10 | 10 | 10 | 65898120007 | 8.67043 | 183.934 | 4084482
Rlog_NoSnap | KNN_10 | 11 | 10 | 34232810090 | 8.67043 | 183.934 | 4084482
Rlog_NoSnap | KNN_10 | 12 | 10 | 67714553449 | 8.67043 | 183.934 | 4084482
Rlog_NoSnap | KNN_10 | 13 | 10 | 40147895710 | 8.67043 | 183.934 | 4084482
Rlog_NoSnap | KNN_10 | 14 | 10 | 41449348803 | 8.67043 | 183.934 | 4084482
Rlog_NoSnap | KNN_10 | 15 | 10 | 53790674231 | 8.67043 | 183.934 | 4084482
Rlog_NoSnap | KNN_10 | 16 | 10 | 58410113693 | 8.67043 | 183.934 | 4084482
Rlog_NoSnap | KNN_10 | 17 | 10 | 37317887542 | 8.67043 | 183.934 | 4084482
Rlog_NoSnap | KNN_10 | 18 | 10 | 85657751674 | 8.67043 | 183.934 | 4084482
Rlog_NoSnap | KNN_10 | 19 | 10 | 46444896927 | 8.67043 | 183.934 | 4084482
Rlog_NoSnap | KNN_10 | 20 | 10 | 43011428795 | 8.67043 | 183.934 | 4084482
Rlog_NoSnap | KNN_10 | 21 | 10 | 34184946884 | 8.67043 | 183.934 | 4084482
Rlog_NoSnap | KNN_10 | 22 | 10 | 14786196255 | 8.67043 | 183.934 | 4084482
Rlog_NoSnap | KNN_10 | 23 | 10 | 56074914850 | 8.67043 | 183.934 | 4084482
Rlog_NoSnap | KNN_10 | 24 | 10 | 58935637308 | 8.67043 | 183.934 | 4084482
Rlog_NoSnap | KNN_10 | 25 | 10 | 42449587214 | 8.67043 | 183.934 | 4084482
Rlog_NoSnap | KNN_10 | 26 | 10 | 38531622227 | 8.67043 | 183.934 | 4084482
Rlog_NoSnap | KNN_10 | 27 | 10 | 71801711745 | 8.67043 | 183.934 | 4084482
Rlog_NoSnap | KNN_10 | 28 | 10 | 60755482989 | 8.67043 | 183.934 | 4084482
Rlog_NoSnap | KNN_10 | 29 | 10 | 42296447543 | 8.67043 | 183.934 | 4084482
Rlog_NoSnap | KNN_10 | 30 | 10 | 57489902518 | 8.67043 | 183.934 | 4084482
Rlog_NoSnap | KNN_10 | 31 | 10 | 42144405590 | 8.67043 | 183.934 | 4084482
Rlog_NoSnap | KNN_10 | 32 | 10 | 54360496177 | 8.67043 | 183.934 | 4084482
Rlog_NoSnap | KNN_10 | 33 | 10 | 46613663474 | 8.67043 | 183.934 | 4084482
Rlog_NoSnap | KNN_10 | 34 | 10 | 88446368020 | 8.67043 | 183.934 | 4084482
Rlog_NoSnap | KNN_10 | 35 | 10 | 46172239408 | 8.67043 | 183.934 | 4084482
Rlog_NoSnap | KNN_10 | 36 | 10 | 51943920552 | 8.67043 | 183.934 | 4084482
Rlog_NoSnap | KNN_10 | 37 | 10 | 39998155815 | 8.67043 | 183.934 | 4084482
Rlog_NoSnap | KNN_10 | 38 | 10 | 46626348157 | 8.67043 | 183.934 | 4084482
Rlog_NoSnap | KNN_10 | 39 | 10 | 52855914877 | 8.67043 | 183.934 | 4084482
Rlog_NoSnap | KNN_10 | 40 | 10 | 78271192989 | 8.67043 | 183.934 | 4084482
Rlog_NoSnap | KNN_10 | 41 | 10 | 39750661125 | 8.67043 | 183.934 | 4084482
Rlog_NoSnap | KNN_10 | 42 | 10 | 43305119136 | 8.67043 | 183.934 | 4084482
Rlog_NoSnap | KNN_10 | 43 | 10 | 50407344677 | 8.67043 | 183.934 | 4084482
Rlog_NoSnap | KNN_10 | 44 | 10 | 46802920274 | 8.67043 | 183.934 | 4084482
Rlog_NoSnap | KNN_10 | 45 | 10 | 78726196519 | 8.67043 | 183.934 | 4084482
Rlog_NoSnap | KNN_10 | 46 | 10 | 69417578320 | 8.67043 | 183.934 | 4084482
Rlog_NoSnap | KNN_10 | 47 | 10 | 53464997495 | 8.67043 | 183.934 | 4084482
Rlog_NoSnap | KNN_10 | 48 | 10 | 63950867242 | 8.67043 | 183.934 | 4084482
Rlog_NoSnap | KNN_10 | 49 | 10 | 77318121557 | 8.67043 | 183.934 | 4084482
Rlog_NoSnap | KNN_10 | 50 | 10 | 74547689034 | 8.67043 | 183.934 | 4084482
Rlog_NoSnap | KNN_10 | 51 | 10 | 39576039823 | 8.67043 | 183.934 | 4084482
Rlog_NoSnap | KNN_10 | 52 | 10 | 93617133967 | 8.67043 | 183.934 | 4084482
Rlog_NoSnap | KNN_10 | 53 | 10 | 55817400865 | 8.67043 | 183.934 | 4084482
Rlog_NoSnap | KNN_10 | 54 | 10 | 45354444666 | 8.67043 | 183.934 | 4084482
Rlog_NoSnap | KNN_10 | 55 | 10 | 66027564849 | 8.67043 | 183.934 | 4084482
Rlog_NoSnap | KNN_10 | 56 | 10 | 55344598551 | 8.67043 | 183.934 | 4084482
Rlog_NoSnap | KNN_10 | 57 | 10 | 40147894976 | 8.67043 | 183.934 | 4084482
Rlog_NoSnap | KNN_10 | 58 | 10 | 66205544974 | 8.67043 | 183.934 | 4084482
Rlog_NoSnap | KNN_10 | 59 | 10 | 36982245392 | 8.67043 | 183.934 | 4084482
Rlog_NoSnap | KNN_10 | 60 | 10 | 46193766706 | 8.67043 | 183.934 | 4084482
Rlog_NoSnap | KNN_10 | 61 | 10 | 72627375870 | 8.67043 | 183.934 | 4084482
Rlog_NoSnap | KNN_10 | 62 | 10 | 41565480970 | 8.67043 | 183.934 | 4084482
Rlog_NoSnap | KNN_10 | 63 | 10 | 81233251739 | 8.67043 | 183.934 | 4084482
Rlog_NoSnap | KNN_10 | 64 | 10 | 43223071252 | 8.67043 | 183.934 | 4084482
Rlog_NoSnap | KNN_10 | 65 | 10 | 57612682845 | 8.67043 | 183.934 | 4084482
Rlog_NoSnap | KNN_10 | 66 | 10 | 59914442466 | 8.67043 | 183.934 | 4084482
Rlog_NoSnap | KNN_10 | 67 | 10 | 62217435761 | 8.67043 | 183.934 | 4084482
Rlog_NoSnap | KNN_10 | 68 | 10 | 74634554826 | 8.67043 | 183.934 | 4084482
Rlog_NoSnap | KNN_10 | 69 | 10 | 40152594064 | 8.67043 | 183.934 | 4084482
Rlog_NoSnap | KNN_10 | 70 | 10 | 40033451869 | 8.67043 | 183.934 | 4084482
Rlog_NoSnap | KNN_10 | 71 | 10 | 52972524731 | 8.67043 | 183.934 | 4084482
Rlog_NoSnap | KNN_10 | 72 | 10 | 42098075098 | 8.67043 | 183.934 | 4084482
Rlog_NoSnap | KNN_10 | 73 | 10 | 50775048739 | 8.67043 | 183.934 | 4084482
Rlog_NoSnap | KNN_10 | 74 | 10 | 35220356676 | 8.67043 | 183.934 | 4084482
Rlog_NoSnap | KNN_10 | 75 | 10 | 63216769380 | 8.67043 | 183.934 | 4084482
Rlog_NoSnap | KNN_10 | 76 | 10 | 34603686588 | 8.67043 | 183.934 | 4084482
Rlog_NoSnap | KNN_10 | 77 | 10 | 61337701189 | 8.67043 | 183.934 | 4084482
Rlog_NoSnap | KNN_10 | 78 | 10 | 94358653847 | 8.67043 | 183.934 | 4084482
Rlog_NoSnap | KNN_10 | 79 | 10 | 74352760121 | 8.67043 | 183.934 | 4084482
Rlog_NoSnap | KNN_10 | 80 | 10 | 53135068348 | 8.67043 | 183.934 | 4084482
Rlog_NoSnap | KNN_10 | 81 | 10 | 46628537456 | 8.67043 | 183.934 | 4084482
Rlog_NoSnap | KNN_10 | 82 | 10 | 55531601769 | 8.67043 | 183.934 | 4084482
Rlog_NoSnap | KNN_10 | 83 | 10 | 43270649097 | 8.67043 | 183.934 | 4084482
Rlog_NoSnap | KNN_10 | 84 | 10 | 42413892016 | 8.67043 | 183.934 | 4084482
Rlog_NoSnap | KNN_10 | 85 | 10 | 41791544462 | 8.67043 | 183.934 | 4084482
Rlog_NoSnap | KNN_10 | 86 | 10 | 30033376805 | 8.67043 | 183.934 | 4084482
Rlog_NoSnap | KNN_10 | 87 | 10 | 85954974487 | 8.67043 | 183.934 | 4084482
Rlog_NoSnap | KNN_10 | 88 | 10 | 43361453314 | 8.67043 | 183.934 | 4084482
Rlog_NoSnap | KNN_10 | 89 | 10 | 79608027861 | 8.67043 | 183.934 | 4084482
Rlog_NoSnap | KNN_10 | 90 | 10 | 47609971861 | 8.67043 | 183.934 | 4084482
Rlog_NoSnap | KNN_10 | 91 | 10 | 55957695087 | 8.67043 | 183.934 | 4084482
Rlog_NoSnap | KNN_10 | 92 | 10 | 49703304490 | 8.67043 | 183.934 | 4084482
Rlog_NoSnap | KNN_10 | 93 | 10 | 65727086168 | 8.67043 | 183.934 | 4084482
Rlog_NoSnap | KNN_10 | 94 | 10 | 70410855184 | 8.67043 | 183.934 | 4084482
Rlog_NoSnap | KNN_10 | 95 | 10 | 51118823644 | 8.67043 | 183.934 | 4084482
Rlog_NoSnap | KNN_10 | 96 | 10 | 67695350635 | 8.67043 | 183.934 | 4084482
Rlog_NoSnap | KNN_10 | 97 | 10 | 72245091924 | 8.67043 | 183.934 | 4084482
Rlog_NoSnap | KNN_10 | 98 | 10 | 62844802783 | 8.67043 | 183.934 | 4084482
Rlog_NoSnap | KNN_10 | 99 | 10 | 39179038885 | 8.67043 | 183.934 | 4084482
Rlog_NoSnap | KNN_100 | 0 | 100 | 589697394766 | 8.73611 | 183.934 | 4084482
Rlog_NoSnap | KNN_100 | 1 | 100 | 771922258643 | 8.73611 | 183.934 | 4084482
Rlog_NoSnap | KNN_100 | 2 | 100 | 702957489339 | 8.73611 | 183.934 | 4084482
Rlog_NoSnap | KNN_100 | 3 | 100 | 682024252573 | 8.73611 | 183.934 | 4084482
Rlog_NoSnap | KNN_100 | 4 | 100 | 860130956996 | 8.73611 | 183.934 | 4084482
Rlog_NoSnap | KNN_100 | 5 | 100 | 641111815956 | 8.73611 | 183.934 | 4084482
Rlog_NoSnap | KNN_100 | 6 | 100 | 496854136131 | 8.73611 | 183.934 | 4084482
Rlog_NoSnap | KNN_100 | 7 | 100 | 630065227932 | 8.73611 | 183.934 | 4084482
Rlog_NoSnap | KNN_100 | 8 | 100 | 511536683743 | 8.73611 | 183.934 | 4084482
Rlog_NoSnap | KNN_100 | 9 | 100 | 485840591553 | 8.73611 | 183.934 | 4084482
Rlog_NoSnap | KNN_100 | 10 | 100 | 360545262451 | 8.73611 | 183.934 | 4084482
Rlog_NoSnap | KNN_100 | 11 | 100 | 492890268054 | 8.73611 | 183.934 | 4084482
Rlog_NoSnap | KNN_100 | 12 | 100 | 503665243363 | 8.73611 | 183.934 | 4084482
Rlog_NoSnap | KNN_100 | 13 | 100 | 328976703877 | 8.73611 | 183.934 | 4084482
Rlog_NoSnap | KNN_100 | 14 | 100 | 452524050477 | 8.73611 | 183.934 | 4084482
Rlog_NoSnap | KNN_100 | 15 | 100 | 750620712475 | 8.73611 | 183.934 | 4084482
Rlog_NoSnap | KNN_100 | 16 | 100 | 627260070826 | 8.73611 | 183.934 | 4084482
Rlog_NoSnap | KNN_100 | 17 | 100 | 791384626677 | 8.73611 | 183.934 | 4084482
Rlog_NoSnap | KNN_100 | 18 | 100 | 493659981990 | 8.73611 | 183.934 | 4084482
Rlog_NoSnap | KNN_100 | 19 | 100 | 846282696026 | 8.73611 | 183.934 | 4084482
Rlog_NoSnap | KNN_100 | 20 | 100 | 586768965283 | 8.73611 | 183.934 | 4084482
Rlog_NoSnap | KNN_100 | 21 | 100 | 386321502884 | 8.73611 | 183.934 | 4084482
Rlog_NoSnap | KNN_100 | 22 | 100 | 940133528529 | 8.73611 | 183.934 | 4084482
Rlog_NoSnap | KNN_100 | 23 | 100 | 793240994241 | 8.73611 | 183.934 | 4084482
Rlog_NoSnap | KNN_100 | 24 | 100 | 346085138470 | 8.73611 | 183.934 | 4084482
Rlog_NoSnap | KNN_100 | 25 | 100 | 718181129242 | 8.73611 | 183.934 | 4084482
Rlog_NoSnap | KNN_100 | 26 | 100 | 750423982897 | 8.73611 | 183.934 | 4084482
Rlog_NoSnap | KNN_100 | 27 | 100 | 496455735954 | 8.73611 | 183.934 | 4084482
Rlog_NoSnap | KNN_100 | 28 | 100 | 397295529926 | 8.73611 | 183.934 | 4084482
Rlog_NoSnap | KNN_100 | 29 | 100 | 613773847959 | 8.73611 | 183.934 | 4084482
Rlog_NoSnap | KNN_100 | 30 | 100 | 677142845616 | 8.73611 | 183.934 | 4084482
Rlog_NoSnap | KNN_100 | 31 | 100 | 553956223369 | 8.73611 | 183.934 | 4084482
Rlog_NoSnap | KNN_100 | 32 | 100 | 772135291954 | 8.73611 | 183.934 | 4084482
Rlog_NoSnap | KNN_100 | 33 | 100 | 608757985442 | 8.73611 | 183.934 | 4084482
Rlog_NoSnap | KNN_100 | 34 | 100 | 724502267215 | 8.73611 | 183.934 | 4084482
Rlog_NoSnap | KNN_100 | 35 | 100 | 644133762875 | 8.73611 | 183.934 | 4084482
Rlog_NoSnap | KNN_100 | 36 | 100 | 489352874971 | 8.73611 | 183.934 | 4084482
Rlog_NoSnap | KNN_100 | 37 | 100 | 692939676867 | 8.73611 | 183.934 | 4084482
Rlog_NoSnap | KNN_100 | 38 | 100 | 567543282015 | 8.73611 | 183.934 | 4084482
Rlog_NoSnap | KNN_100 | 39 | 100 | 835623617088 | 8.73611 | 183.934 | 4084482
Rlog_NoSnap | KNN_100 | 40 | 100 | 834060668363 | 8.73611 | 183.934 | 4084482
Rlog_NoSnap | KNN_100 | 41 | 100 | 517522163158 | 8.73611 | 183.934 | 4084482
Rlog_NoSnap | KNN_100 | 42 | 100 | 655105359931 | 8.73611 | 183.934 | 4084482
Rlog_NoSnap | KNN_100 | 43 | 100 | 497233702497 | 8.73611 | 183.934 | 4084482
Rlog_NoSnap | KNN_100 | 44 | 100 | 627383052911 | 8.73611 | 183.934 | 4084482
Rlog_NoSnap | KNN_100 | 45 | 100 | 442446322048 | 8.73611 | 183.934 | 4084482
Rlog_NoSnap | KNN_100 | 46 | 100 | 845840425306 | 8.73611 | 183.934 | 4084482
Rlog_NoSnap | KNN_100 | 47 | 100 | 811725362742 | 8.73611 | 183.934 | 4084482
Rlog_NoSnap | KNN_100 | 48 | 100 | 470931412988 | 8.73611 | 183.934 | 4084482
Rlog_NoSnap | KNN_100 | 49 | 100 | 526632014304 | 8.73611 | 183.934 | 4084482
Rlog_NoSnap | KNN_100 | 50 | 100 | 951553168369 | 8.73611 | 183.934 | 4084482
Rlog_NoSnap | KNN_100 | 51 | 100 | 369923888933 | 8.73611 | 183.934 | 4084482
Rlog_NoSnap | KNN_100 | 52 | 100 | 824034141448 | 8.73611 | 183.934 | 4084482
Rlog_NoSnap | KNN_100 | 53 | 100 | 510088584663 | 8.73611 | 183.934 | 4084482
Rlog_NoSnap | KNN_100 | 54 | 100 | 821345879074 | 8.73611 | 183.934 | 4084482
Rlog_NoSnap | KNN_100 | 55 | 100 | 650966062768 | 8.73611 | 183.934 | 4084482
Rlog_NoSnap | KNN_100 | 56 | 100 | 589601433608 | 8.73611 | 183.934 | 4084482
Rlog_NoSnap | KNN_100 | 57 | 100 | 678264995599 | 8.73611 | 183.934 | 4084482
Rlog_NoSnap | KNN_100 | 58 | 100 | 620720083725 | 8.73611 | 183.934 | 4084482
Rlog_NoSnap | KNN_100 | 59 | 100 | 714014035113 | 8.73611 | 183.934 | 4084482
Rlog_NoSnap | KNN_100 | 60 | 100 | 429495757335 | 8.73611 | 183.934 | 4084482
Rlog_NoSnap | KNN_100 | 61 | 100 | 529663573629 | 8.73611 | 183.934 | 4084482
Rlog_NoSnap | KNN_100 | 62 | 100 | 733197128935 | 8.73611 | 183.934 | 4084482
Rlog_NoSnap | KNN_100 | 63 | 100 | 602948627181 | 8.73611 | 183.934 | 4084482
Rlog_NoSnap | KNN_100 | 64 | 100 | 435046336809 | 8.73611 | 183.934 | 4084482
Rlog_NoSnap | KNN_100 | 65 | 100 | 397688559937 | 8.73611 | 183.934 | 4084482
Rlog_NoSnap | KNN_100 | 66 | 100 | 258548043743 | 8.73611 | 183.934 | 4084482
Rlog_NoSnap | KNN_100 | 67 | 100 | 782338095588 | 8.73611 | 183.934 | 4084482
Rlog_NoSnap | KNN_100 | 68 | 100 | 737969268842 | 8.73611 | 183.934 | 4084482
Rlog_NoSnap | KNN_100 | 69 | 100 | 813746067496 | 8.73611 | 183.934 | 4084482
Rlog_NoSnap | KNN_100 | 70 | 100 | 836866462074 | 8.73611 | 183.934 | 4084482
Rlog_NoSnap | KNN_100 | 71 | 100 | 490976795852 | 8.73611 | 183.934 | 4084482
Rlog_NoSnap | KNN_100 | 72 | 100 | 804637930489 | 8.73611 | 183.934 | 4084482
Rlog_NoSnap | KNN_100 | 73 | 100 | 713093221473 | 8.73611 | 183.934 | 4084482
Rlog_NoSnap | KNN_100 | 74 | 100 | 570495582175 | 8.73611 | 183.934 | 4084482
Rlog_NoSnap | KNN_100 | 75 | 100 | 525751459052 | 8.73611 | 183.934 | 4084482
Rlog_NoSnap | KNN_100 | 76 | 100 | 860078453310 | 8.73611 | 183.934 | 4084482
Rlog_NoSnap | KNN_100 | 77 | 100 | 573337337280 | 8.73611 | 183.934 | 4084482
Rlog_NoSnap | KNN_100 | 78 | 100 | 964501176551 | 8.73611 | 183.934 | 4084482
Rlog_NoSnap | KNN_100 | 79 | 100 | 908266185269 | 8.73611 | 183.934 | 4084482
Rlog_NoSnap | KNN_100 | 80 | 100 | 589683786966 | 8.73611 | 183.934 | 4084482
Rlog_NoSnap | KNN_100 | 81 | 100 | 670345839575 | 8.73611 | 183.934 | 4084482
Rlog_NoSnap | KNN_100 | 82 | 100 | 866243461857 | 8.73611 | 183.934 | 4084482
Rlog_NoSnap | KNN_100 | 83 | 100 | 942801591826 | 8.73611 | 183.934 | 4084482
Rlog_NoSnap | KNN_100 | 84 | 100 | 786838493397 | 8.73611 | 183.934 | 4084482
Rlog_NoSnap | KNN_100 | 85 | 100 | 738058757673 | 8.73611 | 183.934 | 4084482
Rlog_NoSnap | KNN_100 | 86 | 100 | 600642555152 | 8.73611 | 183.934 | 4084482
Rlog_NoSnap | KNN_100 | 87 | 100 | 518301905482 | 8.73611 | 183.934 | 4084482
Rlog_NoSnap | KNN_100 | 88 | 100 | 656502075536 | 8.73611 | 183.934 | 4084482
Rlog_NoSnap | KNN_100 | 89 | 100 | 463448707847 | 8.73611 | 183.934 | 4084482
Rlog_NoSnap | KNN_100 | 90 | 100 | 495155706210 | 8.73611 | 183.934 | 4084482
Rlog_NoSnap | KNN_100 | 91 | 100 | 541775239874 | 8.73611 | 183.934 | 4084482
Rlog_NoSnap | KNN_100 | 92 | 100 | 455172547939 | 8.73611 | 183.934 | 4084482
Rlog_NoSnap | KNN_100 | 93 | 100 | 734554063652 | 8.73611 | 183.934 | 4084482
Rlog_NoSnap | KNN_100 | 94 | 100 | 599775480296 | 8.73611 | 183.934 | 4084482
Rlog_NoSnap | KNN_100 | 95 | 100 | 776020760612 | 8.73611 | 183.934 | 4084482
Rlog_NoSnap | KNN_100 | 96 | 100 | 803575705282 | 8.73611 | 183.934 | 4084482
Rlog_NoSnap | KNN_100 | 97 | 100 | 811239310035 | 8.73611 | 183.934 | 4084482
Rlog_NoSnap | KNN_100 | 98 | 100 | 487809914780 | 8.73611 | 183.934 | 4084482
Rlog_NoSnap | KNN_100 | 99 | 100 | 574425077068 | 8.73611 | 183.934 | 4084482
