Algo | QType | QID | Count | Hash | Time_ms | Mem_MB | Nodes
Rlog_1yr | Range_Small | 0 | 13 | 77370775039 | 0.00114333 | 42.6445 | 650335
Rlog_1yr | Range_Small | 1 | 27 | 49561579100 | 0.00114333 | 42.6445 | 650335
Rlog_1yr | Range_Small | 2 | 22 | 129856243729 | 0.00114333 | 42.6445 | 650335
Rlog_1yr | Range_Small | 3 | 19 | 88049524995 | 0.00114333 | 42.6445 | 650335
Rlog_1yr | Range_Small | 4 | 8 | 33823964758 | 0.00114333 | 42.6445 | 650335
Rlog_1yr | Range_Small | 5 | 8 | 24044512384 | 0.00114333 | 42.6445 | 650335
Rlog_1yr | Range_Small | 6 | 7 | 30210729085 | 0.00114333 | 42.6445 | 650335
Rlog_1yr | Range_Small | 7 | 25 | 137139152206 | 0.00114333 | 42.6445 | 650335
Rlog_1yr | Range_Small | 8 | 20 | 69205439825 | 0.00114333 | 42.6445 | 650335
Rlog_1yr | Range_Small | 9 | 21 | 101048337549 | 0.00114333 | 42.6445 | 650335
Rlog_1yr | Range_Small | 10 | 5 | 10444192042 | 0.00114333 | 42.6445 | 650335
Rlog_1yr | Range_Small | 11 | 28 | 160616815470 | 0.00114333 | 42.6445 | 650335
Rlog_1yr | Range_Small | 12 | 24 | 127664012274 | 0.00114333 | 42.6445 | 650335
Rlog_1yr | Range_Small | 13 | 10 | 16676103951 | 0.00114333 | 42.6445 | 650335
Rlog_1yr | Range_Small | 14 | 9 | 62398590491 | 0.00114333 | 42.6445 | 650335
Rlog_1yr | Range_Small | 15 | 9 | 42692757318 | 0.00114333 | 42.6445 | 650335
Rlog_1yr | Range_Small | 16 | 12 | 56426069370 | 0.00114333 | 42.6445 | 650335
Rlog_1yr | Range_Small | 17 | 17 | 54936443278 | 0.00114333 | 42.6445 | 650335
Rlog_1yr | Range_Small | 18 | 15 | 61335344582 | 0.00114333 | 42.6445 | 650335
Rlog_1yr | Range_Small | 19 | 11 | 49462926783 | 0.00114333 | 42.6445 | 650335
Rlog_1yr | Range_Small | 20 | 19 | 80035016896 | 0.00114333 | 42.6445 | 650335
Rlog_1yr | Range_Small | 21 | 8 | 20530185936 | 0.00114333 | 42.6445 | 650335
Rlog_1yr | Range_Small | 22 | 12 | 93336345753 | 0.00114333 | 42.6445 | 650335
Rlog_1yr | Range_Small | 23 | 13 | 53344284802 | 0.00114333 | 42.6445 | 650335
Rlog_1yr | Range_Small | 24 | 15 | 45064151428 | 0.00114333 | 42.6445 | 650335
Rlog_1yr | Range_Small | 25 | 23 | 109186965647 | 0.00114333 | 42.6445 | 650335
Rlog_1yr | Range_Small | 26 | 9 | 37895187985 | 0.00114333 | 42.6445 | 650335
Rlog_1yr | Range_Small | 27 | 17 | 135957155180 | 0.00114333 | 42.6445 | 650335
Rlog_1yr | Range_Small | 28 | 19 | 76366734289 | 0.00114333 | 42.6445 | 650335
Rlog_1yr | Range_Small | 29 | 6 | 39220518399 | 0.00114333 | 42.6445 | 650335
Rlog_1yr | Range_Small | 30 | 19 | 104339740614 | 0.00114333 | 42.6445 | 650335
Rlog_1yr | Range_Small | 31 | 9 | 38807608900 | 0.00114333 | 42.6445 | 650335
Rlog_1yr | Range_Small | 32 | 6 | 8801635337 | 0.00114333 | 42.6445 | 650335
Rlog_1yr | Range_Small | 33 | 28 | 129436243686 | 0.00114333 | 42.6445 | 650335
Rlog_1yr | Range_Small | 34 | 28 | 129246907479 | 0.00114333 | 42.6445 | 650335
Rlog_1yr | Range_Small | 35 | 24 | 101070123450 | 0.00114333 | 42.6445 | 650335
Rlog_1yr | Range_Small | 36 | 12 | 17604892328 | 0.00114333 | 42.6445 | 650335
Rlog_1yr | Range_Small | 37 | 7 | 27834564444 | 0.00114333 | 42.6445 | 650335
Rlog_1yr | Range_Small | 38 | 21 | 83514776807 | 0.00114333 | 42.6445 | 650335
Rlog_1yr | Range_Small | 39 | 15 | 72638005405 | 0.00114333 | 42.6445 | 650335
Rlog_1yr | Range_Small | 40 | 7 | 46133617634 | 0.00114333 | 42.6445 | 650335
Rlog_1yr | Range_Small | 41 | 16 | 101614879464 | 0.00114333 | 42.6445 | 650335
Rlog_1yr | Range_Small | 42 | 5 | 14507821290 | 0.00114333 | 42.6445 | 650335
Rlog_1yr | Range_Small | 43 | 26 | 109746726127 | 0.00114333 | 42.6445 | 650335
Rlog_1yr | Range_Small | 44 | 11 | 58898106141 | 0.00114333 | 42.6445 | 650335
Rlog_1yr | Range_Small | 45 | 20 | 117435516959 | 0.00114333 | 42.6445 | 650335
Rlog_1yr | Range_Small | 46 | 13 | 55049055046 | 0.00114333 | 42.6445 | 650335
Rlog_1yr | Range_Small | 47 | 17 | 67184759025 | 0.00114333 | 42.6445 | 650335
Rlog_1yr | Range_Small | 48 | 18 | 83034164318 | 0.00114333 | 42.6445 | 650335
Rlog_1yr | Range_Small | 49 | 9 | 24947727362 | 0.00114333 | 42.6445 | 650335
Rlog_1yr | Range_Small | 50 | 28 | 180664455452 | 0.00114333 | 42.6445 | 650335
Rlog_1yr | Range_Small | 51 | 23 | 97483100042 | 0.00114333 | 42.6445 | 650335
Rlog_1yr | Range_Small | 52 | 27 | 113726440350 | 0.00114333 | 42.6445 | 650335
Rlog_1yr | Range_Small | 53 | 26 | 174417466109 | 0.00114333 | 42.6445 | 650335
Rlog_1yr | Range_Small | 54 | 19 | 112477674848 | 0.00114333 | 42.6445 | 650335
Rlog_1yr | Range_Small | 55 | 27 | 111862404242 | 0.00114333 | 42.6445 | 650335
Rlog_1yr | Range_Small | 56 | 7 | 32335554203 | 0.00114333 | 42.6445 | 650335
Rlog_1yr | Range_Small | 57 | 9 | 39700892006 | 0.00114333 | 42.6445 | 650335
Rlog_1yr | Range_Small | 58 | 6 | 45097055733 | 0.00114333 | 42.6445 | 650335
Rlog_1yr | Range_Small | 59 | 12 | 77427663192 | 0.00114333 | 42.6445 | 650335
Rlog_1yr | Range_Small | 60 | 14 | 82032329885 | 0.00114333 | 42.6445 | 650335
Rlog_1yr | Range_Small | 61 | 11 | 50334636290 | 0.00114333 | 42.6445 | 650335
Rlog_1yr | Range_Small | 62 | 24 | 111871727018 | 0.00114333 | 42.6445 | 650335
Rlog_1yr | Range_Small | 63 | 12 | 67037267883 | 0.00114333 | 42.6445 | 650335
Rlog_1yr | Range_Small | 64 | 11 | 51700143084 | 0.00114333 | 42.6445 | 650335
Rlog_1yr | Range_Small | 65 | 18 | 72272656457 | 0.00114333 | 42.6445 | 650335
Rlog_1yr | Range_Small | 66 | 8 | 36935506388 | 0.00114333 | 42.6445 | 650335
Rlog_1yr | Range_Small | 67 | 24 | 79451503086 | 0.00114333 | 42.6445 | 650335
Rlog_1yr | Range_Small | 68 | 6 | 8802443682 | 0.00114333 | 42.6445 | 650335
Rlog_1yr | Range_Small | 69 | 28 | 118567150726 | 0.00114333 | 42.6445 | 650335
Rlog_1yr | Range_Small | 70 | 23 | 96914505325 | 0.00114333 | 42.6445 | 650335
Rlog_1yr | Range_Small | 71 | 9 | 36799155539 | 0.00114333 | 42.6445 | 650335
Rlog_1yr | Range_Small | 72 | 5 | 7335359529 | 0.00114333 | 42.6445 | 650335
Rlog_1yr | Range_Small | 73 | 24 | 91139606130 | 0.00114333 | 42.6445 | 650335
Rlog_1yr | Range_Small | 74 | 21 | 115889080538 | 0.00114333 | 42.6445 | 650335
Rlog_1yr | Range_Small | 75 | 22 | 130030090098 | 0.00114333 | 42.6445 | 650335
Rlog_1yr | Range_Small | 76 | 23 | 88701705330 | 0.00114333 | 42.6445 | 650335
Rlog_1yr | Range_Small | 77 | 6 | 36791632285 | 0.00114333 | 42.6445 | 650335
Rlog_1yr | Range_Small | 78 | 14 | 64679200958 | 0.00114333 | 42.6445 | 650335
Rlog_1yr | Range_Small | 79 | 7 | 29419315026 | 0.00114333 | 42.6445 | 650335
Rlog_1yr | Range_Small | 80 | 25 | 105935872199 | 0.00114333 | 42.6445 | 650335
Rlog_1yr | Range_Small | 81 | 18 | 75699387441 | 0.00114333 | 42.6445 | 650335
Rlog_1yr | Range_Small | 82 | 12 | 36060674260 | 0.00114333 | 42.6445 | 650335
Rlog_1yr | Range_Small | 83 | 6 | 25235680887 | 0.00114333 | 42.6445 | 650335
Rlog_1yr | Range_Small | 84 | 12 | 75262948400 | 0.00114333 | 42.6445 | 650335
Rlog_1yr | Range_Small | 85 | 12 | 75701376608 | 0.00114333 | 42.6445 | 650335
Rlog_1yr | Range_Small | 86 | 22 | 102617147316 | 0.00114333 | 42.6445 | 650335
Rlog_1yr | Range_Small | 87 | 20 | 80302261221 | 0.00114333 | 42.6445 | 650335
Rlog_1yr | Range_Small | 88 | 26 | 119764897320 | 0.00114333 | 42.6445 | 650335
Rlog_1yr | Range_Small | 89 | 16 | 67378291398 | 0.00114333 | 42.6445 | 650335
Rlog_1yr | Range_Small | 90 | 7 | 54446188559 | 0.00114333 | 42.6445 | 650335
Rlog_1yr | Range_Small | 91 | 22 | 70672169187 | 0.00114333 | 42.6445 | 650335
Rlog_1yr | Range_Small | 92 | 23 | 131935218346 | 0.00114333 | 42.6445 | 650335
Rlog_1yr | Range_Small | 93 | 18 | 79866573795 | 0.00114333 | 42.6445 | 650335
Rlog_1yr | Range_Small | 94 | 23 | 105071029149 | 0.00114333 | 42.6445 | 650335
Rlog_1yr | Range_Small | 95 | 16 | 31812406674 | 0.00114333 | 42.6445 | 650335
Rlog_1yr | Range_Small | 96 | 17 | 95793647740 | 0.00114333 | 42.6445 | 650335
Rlog_1yr | Range_Small | 97 | 15 | 48307626664 | 0.00114333 | 42.6445 | 650335
Rlog_1yr | Range_Small | 98 | 5 | 24701734710 | 0.00114333 | 42.6445 | 650335
Rlog_1yr | Range_Small | 99 | 7 | 26994617045 | 0.00114333 | 42.6445 | 650335
Rlog_1yr | Range_Med | 0 | 53 | 367269082654 | 0.00431333 | 42.6523 | 650335
Rlog_1yr | Range_Med | 1 | 524 | 2766075079523 | 0.00431333 | 42.6523 | 650335
Rlog_1yr | Range_Med | 2 | 274 | 1264967583963 | 0.00431333 | 42.6523 | 650335
Rlog_1yr | Range_Med | 3 | 424 | 2226586653067 | 0.00431333 | 42.6523 | 650335
Rlog_1yr | Range_Med | 4 | 735 | 2337666494761 | 0.00431333 | 42.6523 | 650335
Rlog_1yr | Range_Med | 5 | 222 | 1041831354249 | 0.00431333 | 42.6523 | 650335
Rlog_1yr | Range_Med | 6 | 348 | 1592408352620 | 0.00431333 | 42.6523 | 650335
Rlog_1yr | Range_Med | 7 | 616 | 2635840243246 | 0.00431333 | 42.6523 | 650335
Rlog_1yr | Range_Med | 8 | 207 | 1087977071370 | 0.00431333 | 42.6523 | 650335
Rlog_1yr | Range_Med | 9 | 88 | 422013228854 | 0.00431333 | 42.6523 | 650335
Rlog_1yr | Range_Med | 10 | 254 | 1418340055604 | 0.00431333 | 42.6523 | 650335
Rlog_1yr | Range_Med | 11 | 154 | 1191030654241 | 0.00431333 | 42.6523 | 650335
Rlog_1yr | Range_Med | 12 | 752 | 3333016393395 | 0.00431333 | 42.6523 | 650335
Rlog_1yr | Range_Med | 13 | 657 | 2818465291440 | 0.00431333 | 42.6523 | 650335
Rlog_1yr | Range_Med | 14 | 521 | 2131718168068 | 0.00431333 | 42.6523 | 650335
Rlog_1yr | Range_Med | 15 | 706 | 3265690609792 | 0.00431333 | 42.6523 | 650335
Rlog_1yr | Range_Med | 16 | 654 | 2599908174797 | 0.00431333 | 42.6523 | 650335
Rlog_1yr | Range_Med | 17 | 174 | 727817443013 | 0.00431333 | 42.6523 | 650335
Rlog_1yr | Range_Med | 18 | 723 | 3982225673890 | 0.00431333 | 42.6523 | 650335
Rlog_1yr | Range_Med | 19 | 448 | 1579876613540 | 0.00431333 | 42.6523 | 650335
Rlog_1yr | Range_Med | 20 | 657 | 2246877726846 | 0.00431333 | 42.6523 | 650335
Rlog_1yr | Range_Med | 21 | 726 | 2993295965546 | 0.00431333 | 42.6523 | 650335
Rlog_1yr | Range_Med | 22 | 276 | 1849298160669 | 0.00431333 | 42.6523 | 650335
Rlog_1yr | Range_Med | 23 | 114 | 457712237601 | 0.00431333 | 42.6523 | 650335
Rlog_1yr | Range_Med | 24 | 206 | 1014381552697 | 0.00431333 | 42.6523 | 650335
Rlog_1yr | Range_Med | 25 | 361 | 1072582736095 | 0.00431333 | 42.6523 | 650335
Rlog_1yr | Range_Med | 26 | 665 | 2772109566877 | 0.00431333 | 42.6523 | 650335
Rlog_1yr | Range_Med | 27 | 698 | 2998860143900 | 0.00431333 | 42.6523 | 650335
Rlog_1yr | Range_Med | 28 | 34 | 119748120536 | 0.00431333 | 42.6523 | 650335
Rlog_1yr | Range_Med | 29 | 426 | 2222130688130 | 0.00431333 | 42.6523 | 650335
Rlog_1yr | Range_Med | 30 | 353 | 1614749121239 | 0.00431333 | 42.6523 | 650335
Rlog_1yr | Range_Med | 31 | 201 | 1084884651476 | 0.00431333 | 42.6523 | 650335
Rlog_1yr | Range_Med | 32 | 122 | 489676504281 | 0.00431333 | 42.6523 | 650335
Rlog_1yr | Range_Med | 33 | 293 | 1295325279910 | 0.00431333 | 42.6523 | 650335
Rlog_1yr | Range_Med | 34 | 762 | 2908019968964 | 0.00431333 | 42.6523 | 650335
Rlog_1yr | Range_Med | 35 | 280 | 1113238852179 | 0.00431333 | 42.6523 | 650335
Rlog_1yr | Range_Med | 36 | 433 | 2004364520961 | 0.00431333 | 42.6523 | 650335
Rlog_1yr | Range_Med | 37 | 575 | 2422913578127 | 0.00431333 | 42.6523 | 650335
Rlog_1yr | Range_Med | 38 | 311 | 1476863838981 | 0.00431333 | 42.6523 | 650335
Rlog_1yr | Range_Med | 39 | 786 | 3143898539638 | 0.00431333 | 42.6523 | 650335
Rlog_1yr | Range_Med | 40 | 777 | 3131031757607 | 0.00431333 | 42.6523 | 650335
Rlog_1yr | Range_Med | 41 | 224 | 1179883783443 | 0.00431333 | 42.6523 | 650335
Rlog_1yr | Range_Med | 42 | 415 | 1471017666605 | 0.00431333 | 42.6523 | 650335
Rlog_1yr | Range_Med | 43 | 263 | 910072078040 | 0.00431333 | 42.6523 | 650335
Rlog_1yr | Range_Med | 44 | 250 | 901976044088 | 0.00431333 | 42.6523 | 650335
Rlog_1yr | Range_Med | 45 | 57 | 253935593706 | 0.00431333 | 42.6523 | 650335
Rlog_1yr | Range_Med | 46 | 503 | 1914657412031 | 0.00431333 | 42.6523 | 650335
Rlog_1yr | Range_Med | 47 | 421 | 1700309861656 | 0.00431333 | 42.6523 | 650335
Rlog_1yr | Range_Med | 48 | 68 | 196755611074 | 0.00431333 | 42.6523 | 650335
Rlog_1yr | Range_Med | 49 | 245 | 1024070607866 | 0.00431333 | 42.6523 | 650335
Rlog_1yr | Range_Med | 50 | 733 | 4389949988457 | 0.00431333 | 42.6523 | 650335
Rlog_1yr | Range_Med | 51 | 215 | 1126270195039 | 0.00431333 | 42.6523 | 650335
Rlog_1yr | Range_Med | 52 | 141 | 648905005323 | 0.00431333 | 42.6523 | 650335
Rlog_1yr | Range_Med | 53 | 410 | 2210028962462 | 0.00431333 | 42.6523 | 650335
Rlog_1yr | Range_Med | 54 | 795 | 3276587944229 | 0.00431333 | 42.6523 | 650335
Rlog_1yr | Range_Med | 55 | 217 | 1008731403299 | 0.00431333 | 42.6523 | 650335
Rlog_1yr | Range_Med | 56 | 552 | 1659124407049 | 0.00431333 | 42.6523 | 650335
Rlog_1yr | Range_Med | 57 | 621 | 2502563475013 | 0.00431333 | 42.6523 | 650335
Rlog_1yr | Range_Med | 58 | 214 | 851062084633 | 0.00431333 | 42.6523 | 650335
Rlog_1yr | Range_Med | 59 | 595 | 3191498587093 | 0.00431333 | 42.6523 | 650335
Rlog_1yr | Range_Med | 60 | 314 | 1443926942026 | 0.00431333 | 42.6523 | 650335
Rlog_1yr | Range_Med | 61 | 520 | 3831367242577 | 0.00431333 | 42.6523 | 650335
Rlog_1yr | Range_Med | 62 | 521 | 2072615945417 | 0.00431333 | 42.6523 | 650335
Rlog_1yr | Range_Med | 63 | 445 | 2636830213905 | 0.00431333 | 42.6523 | 650335
Rlog_1yr | Range_Med | 64 | 99 | 593445012959 | 0.00431333 | 42.6523 | 650335
Rlog_1yr | Range_Med | 65 | 678 | 2528541826534 | 0.00431333 | 42.6523 | 650335
Rlog_1yr | Range_Med | 66 | 278 | 1182390313748 | 0.00431333 | 42.6523 | 650335
Rlog_1yr | Range_Med | 67 | 174 | 934344986826 | 0.00431333 | 42.6523 | 650335
Rlog_1yr | Range_Med | 68 | 60 | 301243659342 | 0.00431333 | 42.6523 | 650335
Rlog_1yr | Range_Med | 69 | 488 | 2007353929342 | 0.00431333 | 42.6523 | 650335
Rlog_1yr | Range_Med | 70 | 555 | 2366197092112 | 0.00431333 | 42.6523 | 650335
Rlog_1yr | Range_Med | 71 | 41 | 164579253671 | 0.00431333 | 42.6523 | 650335
Rlog_1yr | Range_Med | 72 | 426 | 2612277788992 | 0.00431333 | 42.6523 | 650335
Rlog_1yr | Range_Med | 73 | 205 | 835953205056 | 0.00431333 | 42.6523 | 650335
Rlog_1yr | Range_Med | 74 | 531 | 1508405133381 | 0.00431333 | 42.6523 | 650335
Rlog_1yr | Range_Med | 75 | 164 | 1097777815680 | 0.00431333 | 42.6523 | 650335
Rlog_1yr | Range_Med | 76 | 566 | 2369736031701 | 0.00431333 | 42.6523 | 650335
Rlog_1yr | Range_Med | 77 | 329 | 1458174691611 | 0.00431333 | 42.6523 | 650335
Rlog_1yr | Range_Med | 78 | 757 | 4707335737555 | 0.00431333 | 42.6523 | 650335
Rlog_1yr | Range_Med | 79 | 135 | 686887885867 | 0.00431333 | 42.6523 | 650335
Rlog_1yr | Range_Med | 80 | 294 | 1729269727211 | 0.00431333 | 42.6523 | 650335
Rlog_1yr | Range_Med | 81 | 117 | 463500077162 | 0.00431333 | 42.6523 | 650335
Rlog_1yr | Range_Med | 82 | 748 | 3422775201303 | 0.00431333 | 42.6523 | 650335
Rlog_1yr | Range_Med | 83 | 712 | 3936338041039 | 0.00431333 | 42.6523 | 650335
Rlog_1yr | Range_Med | 84 | 229 | 910569695605 | 0.00431333 | 42.6523 | 650335
Rlog_1yr | Range_Med | 85 | 542 | 2020134368899 | 0.00431333 | 42.6523 | 650335
Rlog_1yr | Range_Med | 86 | 664 | 5209771500996 | 0.00431333 | 42.6523 | 650335
Rlog_1yr | Range_Med | 87 | 460 | 1986273687275 | 0.00431333 | 42.6523 | 650335
Rlog_1yr | Range_Med | 88 | 441 | 1758777845656 | 0.00431333 | 42.6523 | 650335
Rlog_1yr | Range_Med | 89 | 217 | 1106265357361 | 0.00431333 | 42.6523 | 650335
Rlog_1yr | Range_Med | 90 | 101 | 761225411344 | 0.00431333 | 42.6523 | 650335
Rlog_1yr | Range_Med | 91 | 727 | 3363632499958 | 0.00431333 | 42.6523 | 650335
Rlog_1yr | Range_Med | 92 | 730 | 4233905215837 | 0.00431333 | 42.6523 | 650335
Rlog_1yr | Range_Med | 93 | 521 | 2642032589787 | 0.00431333 | 42.6523 | 650335
Rlog_1yr | Range_Med | 94 | 292 | 1272481195518 | 0.00431333 | 42.6523 | 650335
Rlog_1yr | Range_Med | 95 | 300 | 1445761021825 | 0.00431333 | 42.6523 | 650335
Rlog_1yr | Range_Med | 96 | 593 | 3085204996525 | 0.00431333 | 42.6523 | 650335
Rlog_1yr | Range_Med | 97 | 726 | 4649918779681 | 0.00431333 | 42.6523 | 650335
Rlog_1yr | Range_Med | 98 | 718 | 3056139421283 | 0.00431333 | 42.6523 | 650335
Rlog_1yr | Range_Med | 99 | 635 | 4302529581235 | 0.00431333 | 42.6523 | 650335
Rlog_1yr | Range_Large | 0 | 2359 | 12377664822298 | 0.01841 | 42.6836 | 650335
Rlog_1yr | Range_Large | 1 | 1009 | 5715465192603 | 0.01841 | 42.6836 | 650335
Rlog_1yr | Range_Large | 2 | 1197 | 5964416338802 | 0.01841 | 42.6836 | 650335
Rlog_1yr | Range_Large | 3 | 2980 | 16637430721340 | 0.01841 | 42.6836 | 650335
Rlog_1yr | Range_Large | 4 | 2273 | 11220879355703 | 0.01841 | 42.6836 | 650335
Rlog_1yr | Range_Large | 5 | 829 | 3317061893951 | 0.01841 | 42.6836 | 650335
Rlog_1yr | Range_Large | 6 | 1052 | 4787612655631 | 0.01841 | 42.6836 | 650335
Rlog_1yr | Range_Large | 7 | 2411 | 16548094910349 | 0.01841 | 42.6836 | 650335
Rlog_1yr | Range_Large | 8 | 819 | 3700892109381 | 0.01841 | 42.6836 | 650335
Rlog_1yr | Range_Large | 9 | 1195 | 4982984515346 | 0.01841 | 42.6836 | 650335
Rlog_1yr | Range_Large | 10 | 2133 | 10949972616387 | 0.01841 | 42.6836 | 650335
Rlog_1yr | Range_Large | 11 | 2480 | 12638212196059 | 0.01841 | 42.6836 | 650335
Rlog_1yr | Range_Large | 12 | 2383 | 9924190863920 | 0.01841 | 42.6836 | 650335
Rlog_1yr | Range_Large | 13 | 1349 | 5309125237061 | 0.01841 | 42.6836 | 650335
Rlog_1yr | Range_Large | 14 | 2529 | 12092368792586 | 0.01841 | 42.6836 | 650335
Rlog_1yr | Range_Large | 15 | 1380 | 6885102889117 | 0.01841 | 42.6836 | 650335
Rlog_1yr | Range_Large | 16 | 1593 | 6205267578380 | 0.01841 | 42.6836 | 650335
Rlog_1yr | Range_Large | 17 | 2610 | 10773701648482 | 0.01841 | 42.6836 | 650335
Rlog_1yr | Range_Large | 18 | 2377 | 10958055019649 | 0.01841 | 42.6836 | 650335
Rlog_1yr | Range_Large | 19 | 2860 | 14172033183402 | 0.01841 | 42.6836 | 650335
Rlog_1yr | Range_Large | 20 | 2397 | 10057958197597 | 0.01841 | 42.6836 | 650335
Rlog_1yr | Range_Large | 21 | 2181 | 10303957137914 | 0.01841 | 42.6836 | 650335
Rlog_1yr | Range_Large | 22 | 1033 | 5381626816627 | 0.01841 | 42.6836 | 650335
Rlog_1yr | Range_Large | 23 | 1696 | 8216773035745 | 0.01841 | 42.6836 | 650335
Rlog_1yr | Range_Large | 24 | 1448 | 5859081453960 | 0.01841 | 42.6836 | 650335
Rlog_1yr | Range_Large | 25 | 1396 | 6522975357910 | 0.01841 | 42.6836 | 650335
Rlog_1yr | Range_Large | 26 | 3159 | 12380578290982 | 0.01841 | 42.6836 | 650335
Rlog_1yr | Range_Large | 27 | 1757 | 9560742047776 | 0.01841 | 42.6836 | 650335
Rlog_1yr | Range_Large | 28 | 2964 | 11368105648251 | 0.01841 | 42.6836 | 650335
Rlog_1yr | Range_Large | 29 | 2334 | 9619203568285 | 0.01841 | 42.6836 | 650335
Rlog_1yr | Range_Large | 30 | 2728 | 10473242492598 | 0.01841 | 42.6836 | 650335
Rlog_1yr | Range_Large | 31 | 2022 | 12368751694689 | 0.01841 | 42.6836 | 650335
Rlog_1yr | Range_Large | 32 | 2201 | 12222532625663 | 0.01841 | 42.6836 | 650335
Rlog_1yr | Range_Large | 33 | 1996 | 12090392189401 | 0.01841 | 42.6836 | 650335
Rlog_1yr | Range_Large | 34 | 1280 | 5089299897890 | 0.01841 | 42.6836 | 650335
Rlog_1yr | Range_Large | 35 | 2554 | 11423696804004 | 0.01841 | 42.6836 | 650335
Rlog_1yr | Range_Large | 36 | 1486 | 8000162812424 | 0.01841 | 42.6836 | 650335
Rlog_1yr | Range_Large | 37 | 865 | 5088487315240 | 0.01841 | 42.6836 | 650335
Rlog_1yr | Range_Large | 38 | 2367 | 10834686465234 | 0.01841 | 42.6836 | 650335
Rlog_1yr | Range_Large | 39 | 1235 | 7670374359080 | 0.01841 | 42.6836 | 650335
Rlog_1yr | Range_Large | 40 | 3078 | 13963065424445 | 0.01841 | 42.6836 | 650335
Rlog_1yr | Range_Large | 41 | 3113 | 15599363362383 | 0.01841 | 42.6836 | 650335
Rlog_1yr | Range_Large | 42 | 3019 | 18802641238360 | 0.01841 | 42.6836 | 650335
Rlog_1yr | Range_Large | 43 | 1702 | 10024517513188 | 0.01841 | 42.6836 | 650335
Rlog_1yr | Range_Large | 44 | 845 | 5564856105599 | 0.01841 | 42.6836 | 650335
Rlog_1yr | Range_Large | 45 | 3051 | 12662201487979 | 0.01841 | 42.6836 | 650335
Rlog_1yr | Range_Large | 46 | 1842 | 7855884879449 | 0.01841 | 42.6836 | 650335
Rlog_1yr | Range_Large | 47 | 3144 | 17167113513611 | 0.01841 | 42.6836 | 650335
Rlog_1yr | Range_Large | 48 | 3137 | 14952630813050 | 0.01841 | 42.6836 | 650335
Rlog_1yr | Range_Large | 49 | 2869 | 9554893081755 | 0.01841 | 42.6836 | 650335
Rlog_1yr | Range_Large | 50 | 1518 | 6133475251575 | 0.01841 | 42.6836 | 650335
Rlog_1yr | Range_Large | 51 | 1738 | 8241812212916 | 0.01841 | 42.6836 | 650335
Rlog_1yr | Range_Large | 52 | 2865 | 12019246042188 | 0.01841 | 42.6836 | 650335
Rlog_1yr | Range_Large | 53 | 1573 | 7844525649390 | 0.01841 | 42.6836 | 650335
Rlog_1yr | Range_Large | 54 | 1216 | 4801684511755 | 0.01841 | 42.6836 | 650335
Rlog_1yr | Range_Large | 55 | 2153 | 9003306719739 | 0.01841 | 42.6836 | 650335
Rlog_1yr | Range_Large | 56 | 3070 | 18452340040119 | 0.01841 | 42.6836 | 650335
Rlog_1yr | Range_Large | 57 | 2490 | 12922024311716 | 0.01841 | 42.6836 | 650335
Rlog_1yr | Range_Large | 58 | 2184 | 9880636644253 | 0.01841 | 42.6836 | 650335
Rlog_1yr | Range_Large | 59 | 1041 | 4702613398980 | 0.01841 | 42.6836 | 650335
Rlog_1yr | Range_Large | 60 | 2294 | 13241265234997 | 0.01841 | 42.6836 | 650335
Rlog_1yr | Range_Large | 61 | 3200 | 12853316041838 | 0.01841 | 42.6836 | 650335
Rlog_1yr | Range_Large | 62 | 1145 | 4580126244629 | 0.01841 | 42.6836 | 650335
Rlog_1yr | Range_Large | 63 | 2060 | 8308951164767 | 0.01841 | 42.6836 | 650335
Rlog_1yr | Range_Large | 64 | 2928 | 12290125348832 | 0.01841 | 42.6836 | 650335
Rlog_1yr | Range_Large | 65 | 2597 | 11675358954083 | 0.01841 | 42.6836 | 650335
Rlog_1yr | Range_Large | 66 | 2491 | 8742283813390 | 0.01841 | 42.6836 | 650335
Rlog_1yr | Range_Large | 67 | 2505 | 11999091049241 | 0.01841 | 42.6836 | 650335
Rlog_1yr | Range_Large | 68 | 1676 | 6556486040669 | 0.01841 | 42.6836 | 650335
Rlog_1yr | Range_Large | 69 | 1516 | 6316220529596 | 0.01841 | 42.6836 | 650335
Rlog_1yr | Range_Large | 70 | 2764 | 11712426938158 | 0.01841 | 42.6836 | 650335
Rlog_1yr | Range_Large | 71 | 2765 | 11046821627323 | 0.01841 | 42.6836 | 650335
Rlog_1yr | Range_Large | 72 | 2903 | 16853712708815 | 0.01841 | 42.6836 | 650335
Rlog_1yr | Range_Large | 73 | 3015 | 9095443713975 | 0.01841 | 42.6836 | 650335
Rlog_1yr | Range_Large | 74 | 2043 | 7044037396948 | 0.01841 | 42.6836 | 650335
Rlog_1yr | Range_Large | 75 | 2020 | 11050489812606 | 0.01841 | 42.6836 | 650335
Rlog_1yr | Range_Large | 76 | 2736 | 11646261704162 | 0.01841 | 42.6836 | 650335
Rlog_1yr | Range_Large | 77 | 2379 | 9642288523929 | 0.01841 | 42.6836 | 650335
Rlog_1yr | Range_Large | 78 | 2503 | 10119462518139 | 0.01841 | 42.6836 | 650335
Rlog_1yr | Range_Large | 79 | 2731 | 8503430895225 | 0.01841 | 42.6836 | 650335
Rlog_1yr | Range_Large | 80 | 2959 | 15614126426684 | 0.01841 | 42.6836 | 650335
Rlog_1yr | Range_Large | 81 | 1624 | 6410278970237 | 0.01841 | 42.6836 | 650335
Rlog_1yr | Range_Large | 82 | 1715 | 5768429248328 | 0.01841 | 42.6836 | 650335
Rlog_1yr | Range_Large | 83 | 1034 | 5616599101854 | 0.01841 | 42.6836 | 650335
Rlog_1yr | Range_Large | 84 | 2205 | 12523461047654 | 0.01841 | 42.6836 | 650335
Rlog_1yr | Range_Large | 85 | 893 | 3740801204774 | 0.01841 | 42.6836 | 650335
Rlog_1yr | Range_Large | 86 | 1932 | 7544511000835 | 0.01841 | 42.6836 | 650335
Rlog_1yr | Range_Large | 87 | 2119 | 16185115833647 | 0.01841 | 42.6836 | 650335
Rlog_1yr | Range_Large | 88 | 1499 | 9425743597001 | 0.01841 | 42.6836 | 650335
Rlog_1yr | Range_Large | 89 | 2235 | 11558129589906 | 0.01841 | 42.6836 | 650335
Rlog_1yr | Range_Large | 90 | 880 | 3507688462866 | 0.01841 | 42.6836 | 650335
Rlog_1yr | Range_Large | 91 | 897 | 2681912097031 | 0.01841 | 42.6836 | 650335
Rlog_1yr | Range_Large | 92 | 2796 | 11282140257961 | 0.01841 | 42.6836 | 650335
Rlog_1yr | Range_Large | 93 | 1677 | 7954230451248 | 0.01841 | 42.6836 | 650335
Rlog_1yr | Range_Large | 94 | 1113 | 4569561465729 | 0.01841 | 42.6836 | 650335
Rlog_1yr | Range_Large | 95 | 2068 | 12320871693375 | 0.01841 | 42.6836 | 650335
Rlog_1yr | Range_Large | 96 | 2668 | 11012379040069 | 0.01841 | 42.6836 | 650335
Rlog_1yr | Range_Large | 97 | 1328 | 7798166720681 | 0.01841 | 42.6836 | 650335
Rlog_1yr | Range_Large | 98 | 2315 | 11664672429964 | 0.01841 | 42.6836 | 650335
Rlog_1yr | Range_Large | 99 | 1013 | 6145843196298 | 0.01841 | 42.6836 | 650335
Rlog_1yr | KNN_1 | 0 | 1 | 3413505829 | 0.00340667 | 42.6836 | 650335
Rlog_1yr | KNN_1 | 1 | 1 | 3568864387 | 0.00340667 | 42.6836 | 650335
Rlog_1yr | KNN_1 | 2 | 1 | 4659556323 | 0.00340667 | 42.6836 | 650335
Rlog_1yr | KNN_1 | 3 | 1 | 4521097920 | 0.00340667 | 42.6836 | 650335
Rlog_1yr | KNN_1 | 4 | 1 | 5949583646 | 0.00340667 | 42.6836 | 650335
Rlog_1yr | KNN_1 | 5 | 1 | 6800042835 | 0.00340667 | 42.6836 | 650335
Rlog_1yr | KNN_1 | 6 | 1 | 3003531855 | 0.00340667 | 42.6836 | 650335
Rlog_1yr | KNN_1 | 7 | 1 | 4214314344 | 0.00340667 | 42.6836 | 650335
Rlog_1yr | KNN_1 | 8 | 1 | 5879572765 | 0.00340667 | 42.6836 | 650335
Rlog_1yr | KNN_1 | 9 | 1 | 6536669165 | 0.00340667 | 42.6836 | 650335
Rlog_1yr | KNN_1 | 10 | 1 | 4874538866 | 0.00340667 | 42.6836 | 650335
Rlog_1yr | KNN_1 | 11 | 1 | 1433441092 | 0.00340667 | 42.6836 | 650335
Rlog_1yr | KNN_1 | 12 | 1 | 4572134533 | 0.00340667 | 42.6836 | 650335
Rlog_1yr | KNN_1 | 13 | 1 | 6219023582 | 0.00340667 | 42.6836 | 650335
Rlog_1yr | KNN_1 | 14 | 1 | 5910443607 | 0.00340667 | 42.6836 | 650335
Rlog_1yr | KNN_1 | 15 | 1 | 3975648764 | 0.00340667 | 42.6836 | 650335
Rlog_1yr | KNN_1 | 16 | 1 | 5761184422 | 0.00340667 | 42.6836 | 650335
Rlog_1yr | KNN_1 | 17 | 1 | 7908828738 | 0.00340667 | 42.6836 | 650335
Rlog_1yr | KNN_1 | 18 | 1 | 5761191533 | 0.00340667 | 42.6836 | 650335
Rlog_1yr | KNN_1 | 19 | 1 | 2028815879 | 0.00340667 | 42.6836 | 650335
Rlog_1yr | KNN_1 | 20 | 1 | 4613004384 | 0.00340667 | 42.6836 | 650335
Rlog_1yr | KNN_1 | 21 | 1 | 4338796672 | 0.00340667 | 42.6836 | 650335
Rlog_1yr | KNN_1 | 22 | 1 | 7495376576 | 0.00340667 | 42.6836 | 650335
Rlog_1yr | KNN_1 | 23 | 1 | 7505465727 | 0.00340667 | 42.6836 | 650335
Rlog_1yr | KNN_1 | 24 | 1 | 3731785356 | 0.00340667 | 42.6836 | 650335
Rlog_1yr | KNN_1 | 25 | 1 | 5736386183 | 0.00340667 | 42.6836 | 650335
Rlog_1yr | KNN_1 | 26 | 1 | 1987288805 | 0.00340667 | 42.6836 | 650335
Rlog_1yr | KNN_1 | 27 | 1 | 3731788764 | 0.00340667 | 42.6836 | 650335
Rlog_1yr | KNN_1 | 28 | 1 | 1987290622 | 0.00340667 | 42.6836 | 650335
Rlog_1yr | KNN_1 | 29 | 1 | 3454922781 | 0.00340667 | 42.6836 | 650335
Rlog_1yr | KNN_1 | 30 | 1 | 4314312659 | 0.00340667 | 42.6836 | 650335
Rlog_1yr | KNN_1 | 31 | 1 | 1987011085 | 0.00340667 | 42.6836 | 650335
Rlog_1yr | KNN_1 | 32 | 1 | 4108035355 | 0.00340667 | 42.6836 | 650335
Rlog_1yr | KNN_1 | 33 | 1 | 7023593498 | 0.00340667 | 42.6836 | 650335
Rlog_1yr | KNN_1 | 34 | 1 | 4606181298 | 0.00340667 | 42.6836 | 650335
Rlog_1yr | KNN_1 | 35 | 1 | 8072641702 | 0.00340667 | 42.6836 | 650335
Rlog_1yr | KNN_1 | 36 | 1 | 6034076632 | 0.00340667 | 42.6836 | 650335
Rlog_1yr | KNN_1 | 37 | 1 | 4911456594 | 0.00340667 | 42.6836 | 650335
Rlog_1yr | KNN_1 | 38 | 1 | 4212091013 | 0.00340667 | 42.6836 | 650335
Rlog_1yr | KNN_1 | 39 | 1 | 4315515539 | 0.00340667 | 42.6836 | 650335
Rlog_1yr | KNN_1 | 40 | 1 | 4339010813 | 0.00340667 | 42.6836 | 650335
Rlog_1yr | KNN_1 | 41 | 1 | 7023593552 | 0.00340667 | 42.6836 | 650335
Rlog_1yr | KNN_1 | 42 | 1 | 4179446744 | 0.00340667 | 42.6836 | 650335
Rlog_1yr | KNN_1 | 43 | 1 | 7025433901 | 0.00340667 | 42.6836 | 650335
Rlog_1yr | KNN_1 | 44 | 1 | 4747261207 | 0.00340667 | 42.6836 | 650335
Rlog_1yr | KNN_1 | 45 | 1 | 3423710133 | 0.00340667 | 42.6836 | 650335
Rlog_1yr | KNN_1 | 46 | 1 | 3459796363 | 0.00340667 | 42.6836 | 650335
Rlog_1yr | KNN_1 | 47 | 1 | 4179561410 | 0.00340667 | 42.6836 | 650335
Rlog_1yr | KNN_1 | 48 | 1 | 3336578507 | 0.00340667 | 42.6836 | 650335
Rlog_1yr | KNN_1 | 49 | 1 | 5869427795 | 0.00340667 | 42.6836 | 650335
Rlog_1yr | KNN_1 | 50 | 1 | 4015575097 | 0.00340667 | 42.6836 | 650335
Rlog_1yr | KNN_1 | 51 | 1 | 5214757199 | 0.00340667 | 42.6836 | 650335
Rlog_1yr | KNN_1 | 52 | 1 | 3992774300 | 0.00340667 | 42.6836 | 650335
Rlog_1yr | KNN_1 | 53 | 1 | 3003637445 | 0.00340667 | 42.6836 | 650335
Rlog_1yr | KNN_1 | 54 | 1 | 4869053436 | 0.00340667 | 42.6836 | 650335
Rlog_1yr | KNN_1 | 55 | 1 | 4300911269 | 0.00340667 | 42.6836 | 650335
Rlog_1yr | KNN_1 | 56 | 1 | 6036674070 | 0.00340667 | 42.6836 | 650335
Rlog_1yr | KNN_1 | 57 | 1 | 4585052635 | 0.00340667 | 42.6836 | 650335
Rlog_1yr | KNN_1 | 58 | 1 | 4376055265 | 0.00340667 | 42.6836 | 650335
Rlog_1yr | KNN_1 | 59 | 1 | 5759074840 | 0.00340667 | 42.6836 | 650335
Rlog_1yr | KNN_1 | 60 | 1 | 5292548973 | 0.00340667 | 42.6836 | 650335
Rlog_1yr | KNN_1 | 61 | 1 | 6498528843 | 0.00340667 | 42.6836 | 650335
Rlog_1yr | KNN_1 | 62 | 1 | 5872444835 | 0.00340667 | 42.6836 | 650335
Rlog_1yr | KNN_1 | 63 | 1 | 6666729593 | 0.00340667 | 42.6836 | 650335
Rlog_1yr | KNN_1 | 64 | 1 | 4911458680 | 0.00340667 | 42.6836 | 650335
Rlog_1yr | KNN_1 | 65 | 1 | 3858840870 | 0.00340667 | 42.6836 | 650335
Rlog_1yr | KNN_1 | 66 | 1 | 6581829147 | 0.00340667 | 42.6836 | 650335
Rlog_1yr | KNN_1 | 67 | 1 | 4314256413 | 0.00340667 | 42.6836 | 650335
Rlog_1yr | KNN_1 | 68 | 1 | 5759074816 | 0.00340667 | 42.6836 | 650335
Rlog_1yr | KNN_1 | 69 | 1 | 4015112564 | 0.00340667 | 42.6836 | 650335
Rlog_1yr | KNN_1 | 70 | 1 | 5914757671 | 0.00340667 | 42.6836 | 650335
Rlog_1yr | KNN_1 | 71 | 1 | 3411876669 | 0.00340667 | 42.6836 | 650335
Rlog_1yr | KNN_1 | 72 | 1 | 2643724929 | 0.00340667 | 42.6836 | 650335
Rlog_1yr | KNN_1 | 73 | 1 | 3423962828 | 0.00340667 | 42.6836 | 650335
Rlog_1yr | KNN_1 | 74 | 1 | 1986852192 | 0.00340667 | 42.6836 | 650335
Rlog_1yr | KNN_1 | 75 | 1 | 5397466097 | 0.00340667 | 42.6836 | 650335
Rlog_1yr | KNN_1 | 76 | 1 | 4015091817 | 0.00340667 | 42.6836 | 650335
Rlog_1yr | KNN_1 | 77 | 1 | 2032332121 | 0.00340667 | 42.6836 | 650335
Rlog_1yr | KNN_1 | 78 | 1 | 7051377445 | 0.00340667 | 42.6836 | 650335
Rlog_1yr | KNN_1 | 79 | 1 | 4003448048 | 0.00340667 | 42.6836 | 650335
Rlog_1yr | KNN_1 | 80 | 1 | 5962818407 | 0.00340667 | 42.6836 | 650335
Rlog_1yr | KNN_1 | 81 | 1 | 3858845235 | 0.00340667 | 42.6836 | 650335
Rlog_1yr | KNN_1 | 82 | 1 | 7505244236 | 0.00340667 | 42.6836 | 650335
Rlog_1yr | KNN_1 | 83 | 1 | 7497484285 | 0.00340667 | 42.6836 | 650335
Rlog_1yr | KNN_1 | 84 | 1 | 3538667878 | 0.00340667 | 42.6836 | 650335
Rlog_1yr | KNN_1 | 85 | 1 | 4318385065 | 0.00340667 | 42.6836 | 650335
Rlog_1yr | KNN_1 | 86 | 1 | 3999815545 | 0.00340667 | 42.6836 | 650335
Rlog_1yr | KNN_1 | 87 | 1 | 6538638272 | 0.00340667 | 42.6836 | 650335
Rlog_1yr | KNN_1 | 88 | 1 | 1466917746 | 0.00340667 | 42.6836 | 650335
Rlog_1yr | KNN_1 | 89 | 1 | 4911460073 | 0.00340667 | 42.6836 | 650335
Rlog_1yr | KNN_1 | 90 | 1 | 4664503930 | 0.00340667 | 42.6836 | 650335
Rlog_1yr | KNN_1 | 91 | 1 | 4660007759 | 0.00340667 | 42.6836 | 650335
Rlog_1yr | KNN_1 | 92 | 1 | 4338796169 | 0.00340667 | 42.6836 | 650335
Rlog_1yr | KNN_1 | 93 | 1 | 3976573627 | 0.00340667 | 42.6836 | 650335
Rlog_1yr | KNN_1 | 94 | 1 | 4323592806 | 0.00340667 | 42.6836 | 650335
Rlog_1yr | KNN_1 | 95 | 1 | 3460261336 | 0.00340667 | 42.6836 | 650335
Rlog_1yr | KNN_1 | 96 | 1 | 4109614433 | 0.00340667 | 42.6836 | 650335
Rlog_1yr | KNN_1 | 97 | 1 | 4179483706 | 0.00340667 | 42.6836 | 650335
Rlog_1yr | KNN_1 | 98 | 1 | 4328190868 | 0.00340667 | 42.6836 | 650335
Rlog_1yr | KNN_1 | 99 | 1 | 2022052677 | 0.00340667 | 42.6836 | 650335
Rlog_1yr | KNN_10 | 0 | 10 | 43389899724 | 0.00436333 | 42.6836 | 650335
Rlog_1yr | KNN_10 | 1 | 10 | 40147440007 | 0.00436333 | 42.6836 | 650335
Rlog_1yr | KNN_10 | 2 | 10 | 28753457707 | 0.00436333 | 42.6836 | 650335
Rlog_1yr | KNN_10 | 3 | 10 | 48294896979 | 0.00436333 | 42.6836 | 650335
Rlog_1yr | KNN_10 | 4 | 10 | 42237434521 | 0.00436333 | 42.6836 | 650335
Rlog_1yr | KNN_10 | 5 | 10 | 41454381858 | 0.00436333 | 42.6836 | 650335
Rlog_1yr | KNN_10 | 6 | 10 | 34603583834 | 0.00436333 | 42.6836 | 650335
Rlog_1yr | KNN_10 | 7 | 10 | 46127691724 | 0.00436333 | 42.6836 | 650335
Rlog_1yr | KNN_10 | 8 | 10 | 34222802812 | 0.00436333 | 42.6836 | 650335
Rlog_1yr | KNN_10 | 9 | 10 | 60095289327 | 0.00436333 | 42.6836 | 650335
Rlog_1yr | KNN_10 | 10 | 10 | 63508841685 | 0.00436333 | 42.6836 | 650335
Rlog_1yr | KNN_10 | 11 | 10 | 60367429652 | 0.00436333 | 42.6836 | 650335
Rlog_1yr | KNN_10 | 12 | 10 | 34774755597 | 0.00436333 | 42.6836 | 650335
Rlog_1yr | KNN_10 | 13 | 10 | 59925288941 | 0.00436333 | 42.6836 | 650335
Rlog_1yr | KNN_10 | 14 | 10 | 58595743005 | 0.00436333 | 42.6836 | 650335
Rlog_1yr | KNN_10 | 15 | 10 | 41430427215 | 0.00436333 | 42.6836 | 650335
Rlog_1yr | KNN_10 | 16 | 10 | 22706346240 | 0.00436333 | 42.6836 | 650335
Rlog_1yr | KNN_10 | 17 | 10 | 11933688951 | 0.00436333 | 42.6836 | 650335
Rlog_1yr | KNN_10 | 18 | 10 | 37317875196 | 0.00436333 | 42.6836 | 650335
Rlog_1yr | KNN_10 | 19 | 10 | 69295107484 | 0.00436333 | 42.6836 | 650335
Rlog_1yr | KNN_10 | 20 | 10 | 46351663548 | 0.00436333 | 42.6836 | 650335
Rlog_1yr | KNN_10 | 21 | 10 | 50009099885 | 0.00436333 | 42.6836 | 650335
Rlog_1yr | KNN_10 | 22 | 10 | 43281903935 | 0.00436333 | 42.6836 | 650335
Rlog_1yr | KNN_10 | 23 | 10 | 19811216253 | 0.00436333 | 42.6836 | 650335
Rlog_1yr | KNN_10 | 24 | 10 | 59078821894 | 0.00436333 | 42.6836 | 650335
Rlog_1yr | KNN_10 | 25 | 10 | 58350868349 | 0.00436333 | 42.6836 | 650335
Rlog_1yr | KNN_10 | 26 | 10 | 35226603769 | 0.00436333 | 42.6836 | 650335
Rlog_1yr | KNN_10 | 27 | 10 | 28662657689 | 0.00436333 | 42.6836 | 650335
Rlog_1yr | KNN_10 | 28 | 10 | 46333059596 | 0.00436333 | 42.6836 | 650335
Rlog_1yr | KNN_10 | 29 | 10 | 45210979517 | 0.00436333 | 42.6836 | 650335
Rlog_1yr | KNN_10 | 30 | 10 | 19868488574 | 0.00436333 | 42.6836 | 650335
Rlog_1yr | KNN_10 | 31 | 10 | 52118101765 | 0.00436333 | 42.6836 | 650335
Rlog_1yr | KNN_10 | 32 | 10 | 59553827420 | 0.00436333 | 42.6836 | 650335
Rlog_1yr | KNN_10 | 33 | 10 | 38646337303 | 0.00436333 | 42.6836 | 650335
Rlog_1yr | KNN_10 | 34 | 10 | 34235264663 | 0.00436333 | 42.6836 | 650335
Rlog_1yr | KNN_10 | 35 | 10 | 30036371190 | 0.00436333 | 42.6836 | 650335
Rlog_1yr | KNN_10 | 36 | 10 | 25449625922 | 0.00436333 | 42.6836 | 650335
Rlog_1yr | KNN_10 | 37 | 10 | 45838673973 | 0.00436333 | 42.6836 | 650335
Rlog_1yr | KNN_10 | 38 | 10 | 56730507437 | 0.00436333 | 42.6836 | 650335
Rlog_1yr | KNN_10 | 39 | 10 | 34603828168 | 0.00436333 | 42.6836 | 650335
Rlog_1yr | KNN_10 | 40 | 10 | 41820658253 | 0.00436333 | 42.6836 | 650335
Rlog_1yr | KNN_10 | 41 | 10 | 42053812385 | 0.00436333 | 42.6836 | 650335
Rlog_1yr | KNN_10 | 42 | 10 | 53093197514 | 0.00436333 | 42.6836 | 650335
Rlog_1yr | KNN_10 | 43 | 10 | 42112555032 | 0.00436333 | 42.6836 | 650335
Rlog_1yr | KNN_10 | 44 | 10 | 19352092188 | 0.00436333 | 42.6836 | 650335
Rlog_1yr | KNN_10 | 45 | 10 | 46644856073 | 0.00436333 | 42.6836 | 650335
Rlog_1yr | KNN_10 | 46 | 10 | 56404846050 | 0.00436333 | 42.6836 | 650335
Rlog_1yr | KNN_10 | 47 | 10 | 38956383579 | 0.00436333 | 42.6836 | 650335
Rlog_1yr | KNN_10 | 48 | 10 | 46704935514 | 0.00436333 | 42.6836 | 650335
Rlog_1yr | KNN_10 | 49 | 10 | 59079695697 | 0.00436333 | 42.6836 | 650335
Rlog_1yr | KNN_10 | 50 | 10 | 57680553063 | 0.00436333 | 42.6836 | 650335
Rlog_1yr | KNN_10 | 51 | 10 | 34223385727 | 0.00436333 | 42.6836 | 650335
Rlog_1yr | KNN_10 | 52 | 10 | 41448916652 | 0.00436333 | 42.6836 | 650335
Rlog_1yr | KNN_10 | 53 | 10 | 40155947847 | 0.00436333 | 42.6836 | 650335
Rlog_1yr | KNN_10 | 54 | 10 | 34613288301 | 0.00436333 | 42.6836 | 650335
Rlog_1yr | KNN_10 | 55 | 10 | 37006856284 | 0.00436333 | 42.6836 | 650335
Rlog_1yr | KNN_10 | 56 | 10 | 32022054535 | 0.00436333 | 42.6836 | 650335
Rlog_1yr | KNN_10 | 57 | 10 | 41793363976 | 0.00436333 | 42.6836 | 650335
Rlog_1yr | KNN_10 | 58 | 10 | 30051437294 | 0.00436333 | 42.6836 | 650335
Rlog_1yr | KNN_10 | 59 | 10 | 38609267879 | 0.00436333 | 42.6836 | 650335
Rlog_1yr | KNN_10 | 60 | 10 | 57612028805 | 0.00436333 | 42.6836 | 650335
Rlog_1yr | KNN_10 | 61 | 10 | 12757321122 | 0.00436333 | 42.6836 | 650335
Rlog_1yr | KNN_10 | 62 | 10 | 57361284545 | 0.00436333 | 42.6836 | 650335
Rlog_1yr | KNN_10 | 63 | 10 | 42145020603 | 0.00436333 | 42.6836 | 650335
Rlog_1yr | KNN_10 | 64 | 10 | 74483375357 | 0.00436333 | 42.6836 | 650335
Rlog_1yr | KNN_10 | 65 | 10 | 57613500425 | 0.00436333 | 42.6836 | 650335
Rlog_1yr | KNN_10 | 66 | 10 | 43388028919 | 0.00436333 | 42.6836 | 650335
Rlog_1yr | KNN_10 | 67 | 10 | 80187855300 | 0.00436333 | 42.6836 | 650335
Rlog_1yr | KNN_10 | 68 | 10 | 14670730657 | 0.00436333 | 42.6836 | 650335
Rlog_1yr | KNN_10 | 69 | 10 | 19869340814 | 0.00436333 | 42.6836 | 650335
Rlog_1yr | KNN_10 | 70 | 10 | 34237831230 | 0.00436333 | 42.6836 | 650335
Rlog_1yr | KNN_10 | 71 | 10 | 39927540800 | 0.00436333 | 42.6836 | 650335
Rlog_1yr | KNN_10 | 72 | 10 | 40152966774 | 0.00436333 | 42.6836 | 650335
Rlog_1yr | KNN_10 | 73 | 10 | 79974789629 | 0.00436333 | 42.6836 | 650335
Rlog_1yr | KNN_10 | 74 | 10 | 48510764725 | 0.00436333 | 42.6836 | 650335
Rlog_1yr | KNN_10 | 75 | 10 | 37303618689 | 0.00436333 | 42.6836 | 650335
Rlog_1yr | KNN_10 | 76 | 10 | 46425712011 | 0.00436333 | 42.6836 | 650335
Rlog_1yr | KNN_10 | 77 | 10 | 39762757545 | 0.00436333 | 42.6836 | 650335
Rlog_1yr | KNN_10 | 78 | 10 | 30050563084 | 0.00436333 | 42.6836 | 650335
Rlog_1yr | KNN_10 | 79 | 10 | 20315135681 | 0.00436333 | 42.6836 | 650335
Rlog_1yr | KNN_10 | 80 | 10 | 67527194479 | 0.00436333 | 42.6836 | 650335
Rlog_1yr | KNN_10 | 81 | 10 | 69298385765 | 0.00436333 | 42.6836 | 650335
Rlog_1yr | KNN_10 | 82 | 10 | 36230759386 | 0.00436333 | 42.6836 | 650335
Rlog_1yr | KNN_10 | 83 | 10 | 39756014620 | 0.00436333 | 42.6836 | 650335
Rlog_1yr | KNN_10 | 84 | 10 | 36379870709 | 0.00436333 | 42.6836 | 650335
Rlog_1yr | KNN_10 | 85 | 10 | 41448995324 | 0.00436333 | 42.6836 | 650335
Rlog_1yr | KNN_10 | 86 | 10 | 39908590888 | 0.00436333 | 42.6836 | 650335
Rlog_1yr | KNN_10 | 87 | 10 | 35221359496 | 0.00436333 | 42.6836 | 650335
Rlog_1yr | KNN_10 | 88 | 10 | 42233802753 | 0.00436333 | 42.6836 | 650335
Rlog_1yr | KNN_10 | 89 | 10 | 37317892702 | 0.00436333 | 42.6836 | 650335
Rlog_1yr | KNN_10 | 90 | 10 | 39602257314 | 0.00436333 | 42.6836 | 650335
Rlog_1yr | KNN_10 | 91 | 10 | 34603437726 | 0.00436333 | 42.6836 | 650335
Rlog_1yr | KNN_10 | 92 | 10 | 37561891402 | 0.00436333 | 42.6836 | 650335
Rlog_1yr | KNN_10 | 93 | 10 | 60367431059 | 0.00436333 | 42.6836 | 650335
Rlog_1yr | KNN_10 | 94 | 10 | 42992056485 | 0.00436333 | 42.6836 | 650335
Rlog_1yr | KNN_10 | 95 | 10 | 37937976582 | 0.00436333 | 42.6836 | 650335
Rlog_1yr | KNN_10 | 96 | 10 | 38324309142 | 0.00436333 | 42.6836 | 650335
Rlog_1yr | KNN_10 | 97 | 10 | 60372970517 | 0.00436333 | 42.6836 | 650335
Rlog_1yr | KNN_10 | 98 | 10 | 34602950877 | 0.00436333 | 42.6836 | 650335
Rlog_1yr | KNN_10 | 99 | 10 | 46064190364 | 0.00436333 | 42.6836 | 650335
Rlog_1yr | KNN_100 | 0 | 100 | 472398016280 | 0.0190233 | 42.6836 | 650335
Rlog_1yr | KNN_100 | 1 | 100 | 378884571146 | 0.0190233 | 42.6836 | 650335
Rlog_1yr | KNN_100 | 2 | 100 | 585458539870 | 0.0190233 | 42.6836 | 650335
Rlog_1yr | KNN_100 | 3 | 100 | 472837005793 | 0.0190233 | 42.6836 | 650335
Rlog_1yr | KNN_100 | 4 | 100 | 566349278137 | 0.0190233 | 42.6836 | 650335
Rlog_1yr | KNN_100 | 5 | 100 | 488589922410 | 0.0190233 | 42.6836 | 650335
Rlog_1yr | KNN_100 | 6 | 100 | 384729510451 | 0.0190233 | 42.6836 | 650335
Rlog_1yr | KNN_100 | 7 | 100 | 495387835283 | 0.0190233 | 42.6836 | 650335
Rlog_1yr | KNN_100 | 8 | 100 | 424832687062 | 0.0190233 | 42.6836 | 650335
Rlog_1yr | KNN_100 | 9 | 100 | 407601571994 | 0.0190233 | 42.6836 | 650335
Rlog_1yr | KNN_100 | 10 | 100 | 549981402573 | 0.0190233 | 42.6836 | 650335
Rlog_1yr | KNN_100 | 11 | 100 | 410980769139 | 0.0190233 | 42.6836 | 650335
Rlog_1yr | KNN_100 | 12 | 100 | 426365078251 | 0.0190233 | 42.6836 | 650335
Rlog_1yr | KNN_100 | 13 | 100 | 529905531637 | 0.0190233 | 42.6836 | 650335
Rlog_1yr | KNN_100 | 14 | 100 | 457781118309 | 0.0190233 | 42.6836 | 650335
Rlog_1yr | KNN_100 | 15 | 100 | 399290597769 | 0.0190233 | 42.6836 | 650335
Rlog_1yr | KNN_100 | 16 | 100 | 280223990049 | 0.0190233 | 42.6836 | 650335
Rlog_1yr | KNN_100 | 17 | 100 | 383441462674 | 0.0190233 | 42.6836 | 650335
Rlog_1yr | KNN_100 | 18 | 100 | 424578266567 | 0.0190233 | 42.6836 | 650335
Rlog_1yr | KNN_100 | 19 | 100 | 530200276789 | 0.0190233 | 42.6836 | 650335
Rlog_1yr | KNN_100 | 20 | 100 | 629592250605 | 0.0190233 | 42.6836 | 650335
Rlog_1yr | KNN_100 | 21 | 100 | 504080188257 | 0.0190233 | 42.6836 | 650335
Rlog_1yr | KNN_100 | 22 | 100 | 471718835840 | 0.0190233 | 42.6836 | 650335
Rlog_1yr | KNN_100 | 23 | 100 | 419643034731 | 0.0190233 | 42.6836 | 650335
Rlog_1yr | KNN_100 | 24 | 100 | 523740187824 | 0.0190233 | 42.6836 | 650335
Rlog_1yr | KNN_100 | 25 | 100 | 429580815106 | 0.0190233 | 42.6836 | 650335
Rlog_1yr | KNN_100 | 26 | 100 | 537312934514 | 0.0190233 | 42.6836 | 650335
Rlog_1yr | KNN_100 | 27 | 100 | 585961378683 | 0.0190233 | 42.6836 | 650335
Rlog_1yr | KNN_100 | 28 | 100 | 555520636032 | 0.0190233 | 42.6836 | 650335
Rlog_1yr | KNN_100 | 29 | 100 | 397492313868 | 0.0190233 | 42.6836 | 650335
Rlog_1yr | KNN_100 | 30 | 100 | 436982084071 | 0.0190233 | 42.6836 | 650335
Rlog_1yr | KNN_100 | 31 | 100 | 460458069026 | 0.0190233 | 42.6836 | 650335
Rlog_1yr | KNN_100 | 32 | 100 | 399671846141 | 0.0190233 | 42.6836 | 650335
Rlog_1yr | KNN_100 | 33 | 100 | 545925662790 | 0.0190233 | 42.6836 | 650335
Rlog_1yr | KNN_100 | 34 | 100 | 409108340274 | 0.0190233 | 42.6836 | 650335
Rlog_1yr | KNN_100 | 35 | 100 | 404324921443 | 0.0190233 | 42.6836 | 650335
Rlog_1yr | KNN_100 | 36 | 100 | 413440097482 | 0.0190233 | 42.6836 | 650335
Rlog_1yr | KNN_100 | 37 | 100 | 528803287027 | 0.0190233 | 42.6836 | 650335
Rlog_1yr | KNN_100 | 38 | 100 | 609167331385 | 0.0190233 | 42.6836 | 650335
Rlog_1yr | KNN_100 | 39 | 100 | 439750900172 | 0.0190233 | 42.6836 | 650335
Rlog_1yr | KNN_100 | 40 | 100 | 582987290780 | 0.0190233 | 42.6836 | 650335
Rlog_1yr | KNN_100 | 41 | 100 | 421489509400 | 0.0190233 | 42.6836 | 650335
Rlog_1yr | KNN_100 | 42 | 100 | 645230305649 | 0.0190233 | 42.6836 | 650335
Rlog_1yr | KNN_100 | 43 | 100 | 346035122492 | 0.0190233 | 42.6836 | 650335
Rlog_1yr | KNN_100 | 44 | 100 | 341989238534 | 0.0190233 | 42.6836 | 650335
Rlog_1yr | KNN_100 | 45 | 100 | 393324758586 | 0.0190233 | 42.6836 | 650335
Rlog_1yr | KNN_100 | 46 | 100 | 401525950699 | 0.0190233 | 42.6836 | 650335
Rlog_1yr | KNN_100 | 47 | 100 | 201009172704 | 0.0190233 | 42.6836 | 650335
Rlog_1yr | KNN_100 | 48 | 100 | 611604108923 | 0.0190233 | 42.6836 | 650335
Rlog_1yr | KNN_100 | 49 | 100 | 514599179834 | 0.0190233 | 42.6836 | 650335
Rlog_1yr | KNN_100 | 50 | 100 | 407127653770 | 0.0190233 | 42.6836 | 650335
Rlog_1yr | KNN_100 | 51 | 100 | 560827430027 | 0.0190233 | 42.6836 | 650335
Rlog_1yr | KNN_100 | 52 | 100 | 300363675042 | 0.0190233 | 42.6836 | 650335
Rlog_1yr | KNN_100 | 53 | 100 | 494819206642 | 0.0190233 | 42.6836 | 650335
Rlog_1yr | KNN_100 | 54 | 100 | 419189574209 | 0.0190233 | 42.6836 | 650335
Rlog_1yr | KNN_100 | 55 | 100 | 579635656431 | 0.0190233 | 42.6836 | 650335
Rlog_1yr | KNN_100 | 56 | 100 | 505358618434 | 0.0190233 | 42.6836 | 650335
Rlog_1yr | KNN_100 | 57 | 100 | 576042703971 | 0.0190233 | 42.6836 | 650335
Rlog_1yr | KNN_100 | 58 | 100 | 675701310550 | 0.0190233 | 42.6836 | 650335
Rlog_1yr | KNN_100 | 59 | 100 | 409669975675 | 0.0190233 | 42.6836 | 650335
Rlog_1yr | KNN_100 | 60 | 100 | 503248924846 | 0.0190233 | 42.6836 | 650335
Rlog_1yr | KNN_100 | 61 | 100 | 302994544579 | 0.0190233 | 42.6836 | 650335
Rlog_1yr | KNN_100 | 62 | 100 | 587954864960 | 0.0190233 | 42.6836 | 650335
Rlog_1yr | KNN_100 | 63 | 100 | 538444488587 | 0.0190233 | 42.6836 | 650335
Rlog_1yr | KNN_100 | 64 | 100 | 431935601281 | 0.0190233 | 42.6836 | 650335
Rlog_1yr | KNN_100 | 65 | 100 | 341858744081 | 0.0190233 | 42.6836 | 650335
Rlog_1yr | KNN_100 | 66 | 100 | 432485536887 | 0.0190233 | 42.6836 | 650335
Rlog_1yr | KNN_100 | 67 | 100 | 300438442181 | 0.0190233 | 42.6836 | 650335
Rlog_1yr | KNN_100 | 68 | 100 | 539787922437 | 0.0190233 | 42.6836 | 650335
Rlog_1yr | KNN_100 | 69 | 100 | 303835713392 | 0.0190233 | 42.6836 | 650335
Rlog_1yr | KNN_100 | 70 | 100 | 471760661156 | 0.0190233 | 42.6836 | 650335
Rlog_1yr | KNN_100 | 71 | 100 | 335279543266 | 0.0190233 | 42.6836 | 650335
Rlog_1yr | KNN_100 | 72 | 100 | 435320195802 | 0.0190233 | 42.6836 | 650335
Rlog_1yr | KNN_100 | 73 | 100 | 416536870402 | 0.0190233 | 42.6836 | 650335
Rlog_1yr | KNN_100 | 74 | 100 | 604765781274 | 0.0190233 | 42.6836 | 650335
Rlog_1yr | KNN_100 | 75 | 100 | 409548217594 | 0.0190233 | 42.6836 | 650335
Rlog_1yr | KNN_100 | 76 | 100 | 420339752173 | 0.0190233 | 42.6836 | 650335
Rlog_1yr | KNN_100 | 77 | 100 | 517392349399 | 0.0190233 | 42.6836 | 650335
Rlog_1yr | KNN_100 | 78 | 100 | 397630490985 | 0.0190233 | 42.6836 | 650335
Rlog_1yr | KNN_100 | 79 | 100 | 417440762009 | 0.0190233 | 42.6836 | 650335
Rlog_1yr | KNN_100 | 80 | 100 | 438661090826 | 0.0190233 | 42.6836 | 650335
Rlog_1yr | KNN_100 | 81 | 100 | 472689605848 | 0.0190233 | 42.6836 | 650335
Rlog_1yr | KNN_100 | 82 | 100 | 342378178099 | 0.0190233 | 42.6836 | 650335
Rlog_1yr | KNN_100 | 83 | 100 | 469278176527 | 0.0190233 | 42.6836 | 650335
Rlog_1yr | KNN_100 | 84 | 100 | 378459121778 | 0.0190233 | 42.6836 | 650335
Rlog_1yr | KNN_100 | 85 | 100 | 532276642166 | 0.0190233 | 42.6836 | 650335
Rlog_1yr | KNN_100 | 86 | 100 | 590254892688 | 0.0190233 | 42.6836 | 650335
Rlog_1yr | KNN_100 | 87 | 100 | 217375068651 | 0.0190233 | 42.6836 | 650335
Rlog_1yr | KNN_100 | 88 | 100 | 399287000527 | 0.0190233 | 42.6836 | 650335
Rlog_1yr | KNN_100 | 89 | 100 | 559509002029 | 0.0190233 | 42.6836 | 650335
Rlog_1yr | KNN_100 | 90 | 100 | 397600105068 | 0.0190233 | 42.6836 | 650335
Rlog_1yr | KNN_100 | 91 | 100 | 397505150126 | 0.0190233 | 42.6836 | 650335
Rlog_1yr | KNN_100 | 92 | 100 | 421752284682 | 0.0190233 | 42.6836 | 650335
Rlog_1yr | KNN_100 | 93 | 100 | 476617777288 | 0.0190233 | 42.6836 | 650335
Rlog_1yr | KNN_100 | 94 | 100 | 269203874621 | 0.0190233 | 42.6836 | 650335
Rlog_1yr | KNN_100 | 95 | 100 | 563490398582 | 0.0190233 | 42.6836 | 650335
Rlog_1yr | KNN_100 | 96 | 100 | 685580742644 | 0.0190233 | 42.6836 | 650335
Rlog_1yr | KNN_100 | 97 | 100 | 413704330431 | 0.0190233 | 42.6836 | 650335
Rlog_1yr | KNN_100 | 98 | 100 | 528966510920 | 0.0190233 | 42.6836 | 650335
Rlog_1yr | KNN_100 | 99 | 100 | 555580925856 | 0.0190233 | 42.6836 | 650335
