Algo | QType | QID | Count | Hash | Time_ms | Mem_MB | Nodes
Rlog_2yr | Range_Small | 0 | 13 | 77370775039 | 0.00134333 | 859.145 | 3517886
Rlog_2yr | Range_Small | 1 | 32 | 53711026007 | 0.00134333 | 859.145 | 3517886
Rlog_2yr | Range_Small | 2 | 22 | 129856243729 | 0.00134333 | 859.145 | 3517886
Rlog_2yr | Range_Small | 3 | 23 | 125861566061 | 0.00134333 | 859.145 | 3517886
Rlog_2yr | Range_Small | 4 | 12 | 62231256115 | 0.00134333 | 859.145 | 3517886
Rlog_2yr | Range_Small | 5 | 8 | 24044512384 | 0.00134333 | 859.145 | 3517886
Rlog_2yr | Range_Small | 6 | 7 | 30210729085 | 0.00134333 | 859.145 | 3517886
Rlog_2yr | Range_Small | 7 | 25 | 137139152206 | 0.00134333 | 859.145 | 3517886
Rlog_2yr | Range_Small | 8 | 20 | 69205439825 | 0.00134333 | 859.145 | 3517886
Rlog_2yr | Range_Small | 9 | 21 | 101048337549 | 0.00134333 | 859.145 | 3517886
Rlog_2yr | Range_Small | 10 | 5 | 10444192042 | 0.00134333 | 859.145 | 3517886
Rlog_2yr | Range_Small | 11 | 159 | 1224908840390 | 0.00134333 | 859.145 | 3517886
Rlog_2yr | Range_Small | 12 | 27 | 152094047076 | 0.00134333 | 859.145 | 3517886
Rlog_2yr | Range_Small | 13 | 64 | 498902711018 | 0.00134333 | 859.145 | 3517886
Rlog_2yr | Range_Small | 14 | 9 | 62398590491 | 0.00134333 | 859.145 | 3517886
Rlog_2yr | Range_Small | 15 | 9 | 42692757318 | 0.00134333 | 859.145 | 3517886
Rlog_2yr | Range_Small | 16 | 17 | 94167736767 | 0.00134333 | 859.145 | 3517886
Rlog_2yr | Range_Small | 17 | 17 | 54936443278 | 0.00134333 | 859.145 | 3517886
Rlog_2yr | Range_Small | 18 | 91 | 300755550064 | 0.00134333 | 859.145 | 3517886
Rlog_2yr | Range_Small | 19 | 11 | 49462926783 | 0.00134333 | 859.145 | 3517886
Rlog_2yr | Range_Small | 20 | 40 | 276082178268 | 0.00134333 | 859.145 | 3517886
Rlog_2yr | Range_Small | 21 | 8 | 20530185936 | 0.00134333 | 859.145 | 3517886
Rlog_2yr | Range_Small | 22 | 15 | 121533916642 | 0.00134333 | 859.145 | 3517886
Rlog_2yr | Range_Small | 23 | 41 | 316751500055 | 0.00134333 | 859.145 | 3517886
Rlog_2yr | Range_Small | 24 | 24 | 85875862369 | 0.00134333 | 859.145 | 3517886
Rlog_2yr | Range_Small | 25 | 23 | 109186965647 | 0.00134333 | 859.145 | 3517886
Rlog_2yr | Range_Small | 26 | 18 | 75803961986 | 0.00134333 | 859.145 | 3517886
Rlog_2yr | Range_Small | 27 | 17 | 135957155180 | 0.00134333 | 859.145 | 3517886
Rlog_2yr | Range_Small | 28 | 19 | 76366734289 | 0.00134333 | 859.145 | 3517886
Rlog_2yr | Range_Small | 29 | 6 | 39220518399 | 0.00134333 | 859.145 | 3517886
Rlog_2yr | Range_Small | 30 | 24 | 119721156575 | 0.00134333 | 859.145 | 3517886
Rlog_2yr | Range_Small | 31 | 9 | 38807608900 | 0.00134333 | 859.145 | 3517886
Rlog_2yr | Range_Small | 32 | 43 | 326466680123 | 0.00134333 | 859.145 | 3517886
Rlog_2yr | Range_Small | 33 | 43 | 197983429584 | 0.00134333 | 859.145 | 3517886
Rlog_2yr | Range_Small | 34 | 28 | 129246907479 | 0.00134333 | 859.145 | 3517886
Rlog_2yr | Range_Small | 35 | 26 | 119038116735 | 0.00134333 | 859.145 | 3517886
Rlog_2yr | Range_Small | 36 | 26 | 144321353783 | 0.00134333 | 859.145 | 3517886
Rlog_2yr | Range_Small | 37 | 7 | 27834564444 | 0.00134333 | 859.145 | 3517886
Rlog_2yr | Range_Small | 38 | 22 | 93085338743 | 0.00134333 | 859.145 | 3517886
Rlog_2yr | Range_Small | 39 | 23 | 144058810345 | 0.00134333 | 859.145 | 3517886
Rlog_2yr | Range_Small | 40 | 9 | 65014688263 | 0.00134333 | 859.145 | 3517886
Rlog_2yr | Range_Small | 41 | 30 | 236699744426 | 0.00134333 | 859.145 | 3517886
Rlog_2yr | Range_Small | 42 | 20 | 144042841331 | 0.00134333 | 859.145 | 3517886
Rlog_2yr | Range_Small | 43 | 26 | 109746726127 | 0.00134333 | 859.145 | 3517886
Rlog_2yr | Range_Small | 44 | 17 | 118507044284 | 0.00134333 | 859.145 | 3517886
Rlog_2yr | Range_Small | 45 | 421 | 3596916433530 | 0.00134333 | 859.145 | 3517886
Rlog_2yr | Range_Small | 46 | 13 | 55049055046 | 0.00134333 | 859.145 | 3517886
Rlog_2yr | Range_Small | 47 | 17 | 67184759025 | 0.00134333 | 859.145 | 3517886
Rlog_2yr | Range_Small | 48 | 27 | 161403346733 | 0.00134333 | 859.145 | 3517886
Rlog_2yr | Range_Small | 49 | 30 | 213510504440 | 0.00134333 | 859.145 | 3517886
Rlog_2yr | Range_Small | 50 | 28 | 180664455452 | 0.00134333 | 859.145 | 3517886
Rlog_2yr | Range_Small | 51 | 33 | 170949516973 | 0.00134333 | 859.145 | 3517886
Rlog_2yr | Range_Small | 52 | 27 | 113726440350 | 0.00134333 | 859.145 | 3517886
Rlog_2yr | Range_Small | 53 | 33 | 234478734443 | 0.00134333 | 859.145 | 3517886
Rlog_2yr | Range_Small | 54 | 229 | 2166578596668 | 0.00134333 | 859.145 | 3517886
Rlog_2yr | Range_Small | 55 | 30 | 141023065508 | 0.00134333 | 859.145 | 3517886
Rlog_2yr | Range_Small | 56 | 24 | 165299014902 | 0.00134333 | 859.145 | 3517886
Rlog_2yr | Range_Small | 57 | 9 | 39700892006 | 0.00134333 | 859.145 | 3517886
Rlog_2yr | Range_Small | 58 | 9 | 70594327845 | 0.00134333 | 859.145 | 3517886
Rlog_2yr | Range_Small | 59 | 12 | 77427663192 | 0.00134333 | 859.145 | 3517886
Rlog_2yr | Range_Small | 60 | 14 | 82032329885 | 0.00134333 | 859.145 | 3517886
Rlog_2yr | Range_Small | 61 | 72 | 610685637097 | 0.00134333 | 859.145 | 3517886
Rlog_2yr | Range_Small | 62 | 35 | 222736003842 | 0.00134333 | 859.145 | 3517886
Rlog_2yr | Range_Small | 63 | 12 | 67037267883 | 0.00134333 | 859.145 | 3517886
Rlog_2yr | Range_Small | 64 | 23 | 160937214155 | 0.00134333 | 859.145 | 3517886
Rlog_2yr | Range_Small | 65 | 20 | 90905044948 | 0.00134333 | 859.145 | 3517886
Rlog_2yr | Range_Small | 66 | 16 | 114527890192 | 0.00134333 | 859.145 | 3517886
Rlog_2yr | Range_Small | 67 | 24 | 79451503086 | 0.00134333 | 859.145 | 3517886
Rlog_2yr | Range_Small | 68 | 12 | 62455255635 | 0.00134333 | 859.145 | 3517886
Rlog_2yr | Range_Small | 69 | 28 | 118567150726 | 0.00134333 | 859.145 | 3517886
Rlog_2yr | Range_Small | 70 | 23 | 96914505325 | 0.00134333 | 859.145 | 3517886
Rlog_2yr | Range_Small | 71 | 10 | 45787739933 | 0.00134333 | 859.145 | 3517886
Rlog_2yr | Range_Small | 72 | 8 | 34163189116 | 0.00134333 | 859.145 | 3517886
Rlog_2yr | Range_Small | 73 | 56 | 367092482539 | 0.00134333 | 859.145 | 3517886
Rlog_2yr | Range_Small | 74 | 21 | 115889080538 | 0.00134333 | 859.145 | 3517886
Rlog_2yr | Range_Small | 75 | 193 | 1755647993200 | 0.00134333 | 859.145 | 3517886
Rlog_2yr | Range_Small | 76 | 57 | 373217383685 | 0.00134333 | 859.145 | 3517886
Rlog_2yr | Range_Small | 77 | 6 | 36791632285 | 0.00134333 | 859.145 | 3517886
Rlog_2yr | Range_Small | 78 | 14 | 64679200958 | 0.00134333 | 859.145 | 3517886
Rlog_2yr | Range_Small | 79 | 7 | 29419315026 | 0.00134333 | 859.145 | 3517886
Rlog_2yr | Range_Small | 80 | 32 | 169159433677 | 0.00134333 | 859.145 | 3517886
Rlog_2yr | Range_Small | 81 | 19 | 76911222342 | 0.00134333 | 859.145 | 3517886
Rlog_2yr | Range_Small | 82 | 12 | 36060674260 | 0.00134333 | 859.145 | 3517886
Rlog_2yr | Range_Small | 83 | 6 | 25235680887 | 0.00134333 | 859.145 | 3517886
Rlog_2yr | Range_Small | 84 | 12 | 75262948400 | 0.00134333 | 859.145 | 3517886
Rlog_2yr | Range_Small | 85 | 12 | 75701376608 | 0.00134333 | 859.145 | 3517886
Rlog_2yr | Range_Small | 86 | 22 | 102617147316 | 0.00134333 | 859.145 | 3517886
Rlog_2yr | Range_Small | 87 | 26 | 138603512222 | 0.00134333 | 859.145 | 3517886
Rlog_2yr | Range_Small | 88 | 68 | 444090789253 | 0.00134333 | 859.145 | 3517886
Rlog_2yr | Range_Small | 89 | 16 | 67378291398 | 0.00134333 | 859.145 | 3517886
Rlog_2yr | Range_Small | 90 | 7 | 54446188559 | 0.00134333 | 859.145 | 3517886
Rlog_2yr | Range_Small | 91 | 39 | 123941598136 | 0.00134333 | 859.145 | 3517886
Rlog_2yr | Range_Small | 92 | 97 | 788216769559 | 0.00134333 | 859.145 | 3517886
Rlog_2yr | Range_Small | 93 | 43 | 319078638360 | 0.00134333 | 859.145 | 3517886
Rlog_2yr | Range_Small | 94 | 938 | 8286210346609 | 0.00134333 | 859.145 | 3517886
Rlog_2yr | Range_Small | 95 | 17 | 40305951284 | 0.00134333 | 859.145 | 3517886
Rlog_2yr | Range_Small | 96 | 17 | 95793647740 | 0.00134333 | 859.145 | 3517886
Rlog_2yr | Range_Small | 97 | 15 | 48307626664 | 0.00134333 | 859.145 | 3517886
Rlog_2yr | Range_Small | 98 | 5 | 24701734710 | 0.00134333 | 859.145 | 3517886
Rlog_2yr | Range_Small | 99 | 13 | 81801958022 | 0.00134333 | 859.145 | 3517886
Rlog_2yr | Range_Med | 0 | 398 | 3374654384105 | 0.0163233 | 850.719 | 3517886
Rlog_2yr | Range_Med | 1 | 571 | 3072788089993 | 0.0163233 | 850.719 | 3517886
Rlog_2yr | Range_Med | 2 | 821 | 6087507567305 | 0.0163233 | 850.719 | 3517886
Rlog_2yr | Range_Med | 3 | 2764 | 23675143764724 | 0.0163233 | 850.719 | 3517886
Rlog_2yr | Range_Med | 4 | 953 | 4187238643919 | 0.0163233 | 850.719 | 3517886
Rlog_2yr | Range_Med | 5 | 259 | 1392249812552 | 0.0163233 | 850.719 | 3517886
Rlog_2yr | Range_Med | 6 | 923 | 6739746573916 | 0.0163233 | 850.719 | 3517886
Rlog_2yr | Range_Med | 7 | 2182 | 16239997148827 | 0.0163233 | 850.719 | 3517886
Rlog_2yr | Range_Med | 8 | 271 | 1506175694029 | 0.0163233 | 850.719 | 3517886
Rlog_2yr | Range_Med | 9 | 140 | 893160715037 | 0.0163233 | 850.719 | 3517886
Rlog_2yr | Range_Med | 10 | 8732 | 75831014504900 | 0.0163233 | 850.719 | 3517886
Rlog_2yr | Range_Med | 11 | 221 | 1820452057050 | 0.0163233 | 850.719 | 3517886
Rlog_2yr | Range_Med | 12 | 1701 | 12251361224759 | 0.0163233 | 850.719 | 3517886
Rlog_2yr | Range_Med | 13 | 10747 | 96726396587557 | 0.0163233 | 850.719 | 3517886
Rlog_2yr | Range_Med | 14 | 863 | 5315628804962 | 0.0163233 | 850.719 | 3517886
Rlog_2yr | Range_Med | 15 | 836 | 4356142870233 | 0.0163233 | 850.719 | 3517886
Rlog_2yr | Range_Med | 16 | 787 | 3705948233974 | 0.0163233 | 850.719 | 3517886
Rlog_2yr | Range_Med | 17 | 212 | 1094747251279 | 0.0163233 | 850.719 | 3517886
Rlog_2yr | Range_Med | 18 | 2319 | 18257651063490 | 0.0163233 | 850.719 | 3517886
Rlog_2yr | Range_Med | 19 | 606 | 3085479772128 | 0.0163233 | 850.719 | 3517886
Rlog_2yr | Range_Med | 20 | 1225 | 7589729199800 | 0.0163233 | 850.719 | 3517886
Rlog_2yr | Range_Med | 21 | 1757 | 13558623862404 | 0.0163233 | 850.719 | 3517886
Rlog_2yr | Range_Med | 22 | 328 | 2372584712075 | 0.0163233 | 850.719 | 3517886
Rlog_2yr | Range_Med | 23 | 206 | 1379665471007 | 0.0163233 | 850.719 | 3517886
Rlog_2yr | Range_Med | 24 | 564 | 4181319887245 | 0.0163233 | 850.719 | 3517886
Rlog_2yr | Range_Med | 25 | 2451 | 17727294722640 | 0.0163233 | 850.719 | 3517886
Rlog_2yr | Range_Med | 26 | 3490 | 28691373975952 | 0.0163233 | 850.719 | 3517886
Rlog_2yr | Range_Med | 27 | 1501 | 10697773400367 | 0.0163233 | 850.719 | 3517886
Rlog_2yr | Range_Med | 28 | 34 | 119748120536 | 0.0163233 | 850.719 | 3517886
Rlog_2yr | Range_Med | 29 | 2029 | 16449653504780 | 0.0163233 | 850.719 | 3517886
Rlog_2yr | Range_Med | 30 | 423 | 2163060947131 | 0.0163233 | 850.719 | 3517886
Rlog_2yr | Range_Med | 31 | 269 | 1769785065179 | 0.0163233 | 850.719 | 3517886
Rlog_2yr | Range_Med | 32 | 122 | 489676504281 | 0.0163233 | 850.719 | 3517886
Rlog_2yr | Range_Med | 33 | 296 | 1324047099481 | 0.0163233 | 850.719 | 3517886
Rlog_2yr | Range_Med | 34 | 793 | 3194608426890 | 0.0163233 | 850.719 | 3517886
Rlog_2yr | Range_Med | 35 | 296 | 1256914012273 | 0.0163233 | 850.719 | 3517886
Rlog_2yr | Range_Med | 36 | 643 | 3569890106699 | 0.0163233 | 850.719 | 3517886
Rlog_2yr | Range_Med | 37 | 802 | 4489969507745 | 0.0163233 | 850.719 | 3517886
Rlog_2yr | Range_Med | 38 | 392 | 2090425501125 | 0.0163233 | 850.719 | 3517886
Rlog_2yr | Range_Med | 39 | 1218 | 6700931381197 | 0.0163233 | 850.719 | 3517886
Rlog_2yr | Range_Med | 40 | 3569 | 27006770183173 | 0.0163233 | 850.719 | 3517886
Rlog_2yr | Range_Med | 41 | 1857 | 16104214339416 | 0.0163233 | 850.719 | 3517886
Rlog_2yr | Range_Med | 42 | 1007 | 6764862922611 | 0.0163233 | 850.719 | 3517886
Rlog_2yr | Range_Med | 43 | 287 | 1143165483202 | 0.0163233 | 850.719 | 3517886
Rlog_2yr | Range_Med | 44 | 659 | 4673217923588 | 0.0163233 | 850.719 | 3517886
Rlog_2yr | Range_Med | 45 | 269 | 2207044593402 | 0.0163233 | 850.719 | 3517886
Rlog_2yr | Range_Med | 46 | 537 | 2127300734014 | 0.0163233 | 850.719 | 3517886
Rlog_2yr | Range_Med | 47 | 437 | 1854859526811 | 0.0163233 | 850.719 | 3517886
Rlog_2yr | Range_Med | 48 | 68 | 196755611074 | 0.0163233 | 850.719 | 3517886
Rlog_2yr | Range_Med | 49 | 640 | 4799055700555 | 0.0163233 | 850.719 | 3517886
Rlog_2yr | Range_Med | 50 | 1275 | 9849965202564 | 0.0163233 | 850.719 | 3517886
Rlog_2yr | Range_Med | 51 | 279 | 1661075763456 | 0.0163233 | 850.719 | 3517886
Rlog_2yr | Range_Med | 52 | 444 | 3627115996528 | 0.0163233 | 850.719 | 3517886
Rlog_2yr | Range_Med | 53 | 499 | 2790677575821 | 0.0163233 | 850.719 | 3517886
Rlog_2yr | Range_Med | 54 | 8584 | 72079146908553 | 0.0163233 | 850.719 | 3517886
Rlog_2yr | Range_Med | 55 | 367 | 2421720344360 | 0.0163233 | 850.719 | 3517886
Rlog_2yr | Range_Med | 56 | 1028 | 5468472836713 | 0.0163233 | 850.719 | 3517886
Rlog_2yr | Range_Med | 57 | 664 | 2783637433173 | 0.0163233 | 850.719 | 3517886
Rlog_2yr | Range_Med | 58 | 214 | 851062084633 | 0.0163233 | 850.719 | 3517886
Rlog_2yr | Range_Med | 59 | 3728 | 32861380191956 | 0.0163233 | 850.719 | 3517886
Rlog_2yr | Range_Med | 60 | 345 | 1662001535147 | 0.0163233 | 850.719 | 3517886
Rlog_2yr | Range_Med | 61 | 1143 | 9531896315892 | 0.0163233 | 850.719 | 3517886
Rlog_2yr | Range_Med | 62 | 2186 | 17467117558977 | 0.0163233 | 850.719 | 3517886
Rlog_2yr | Range_Med | 63 | 2105 | 18002105045178 | 0.0163233 | 850.719 | 3517886
Rlog_2yr | Range_Med | 64 | 1188 | 9982836307483 | 0.0163233 | 850.719 | 3517886
Rlog_2yr | Range_Med | 65 | 986 | 5467721717877 | 0.0163233 | 850.719 | 3517886
Rlog_2yr | Range_Med | 66 | 727 | 4920882117871 | 0.0163233 | 850.719 | 3517886
Rlog_2yr | Range_Med | 67 | 360 | 2681544996807 | 0.0163233 | 850.719 | 3517886
Rlog_2yr | Range_Med | 68 | 240 | 1765492358519 | 0.0163233 | 850.719 | 3517886
Rlog_2yr | Range_Med | 69 | 585 | 2933202371814 | 0.0163233 | 850.719 | 3517886
Rlog_2yr | Range_Med | 70 | 1121 | 7249280438156 | 0.0163233 | 850.719 | 3517886
Rlog_2yr | Range_Med | 71 | 46 | 209860916426 | 0.0163233 | 850.719 | 3517886
Rlog_2yr | Range_Med | 72 | 569 | 3965285963142 | 0.0163233 | 850.719 | 3517886
Rlog_2yr | Range_Med | 73 | 215 | 925655782347 | 0.0163233 | 850.719 | 3517886
Rlog_2yr | Range_Med | 74 | 993 | 5781748711169 | 0.0163233 | 850.719 | 3517886
Rlog_2yr | Range_Med | 75 | 288 | 2128352121093 | 0.0163233 | 850.719 | 3517886
Rlog_2yr | Range_Med | 76 | 570 | 2402796432035 | 0.0163233 | 850.719 | 3517886
Rlog_2yr | Range_Med | 77 | 1303 | 7234268739354 | 0.0163233 | 850.719 | 3517886
Rlog_2yr | Range_Med | 78 | 18906 | 165264880844648 | 0.0163233 | 850.719 | 3517886
Rlog_2yr | Range_Med | 79 | 213 | 1316914671456 | 0.0163233 | 850.719 | 3517886
Rlog_2yr | Range_Med | 80 | 1295 | 10731558030240 | 0.0163233 | 850.719 | 3517886
Rlog_2yr | Range_Med | 81 | 626 | 4147152445232 | 0.0163233 | 850.719 | 3517886
Rlog_2yr | Range_Med | 82 | 2231 | 17035317026793 | 0.0163233 | 850.719 | 3517886
Rlog_2yr | Range_Med | 83 | 7561 | 66386708145142 | 0.0163233 | 850.719 | 3517886
Rlog_2yr | Range_Med | 84 | 229 | 910569695605 | 0.0163233 | 850.719 | 3517886
Rlog_2yr | Range_Med | 85 | 1369 | 9154972757745 | 0.0163233 | 850.719 | 3517886
Rlog_2yr | Range_Med | 86 | 788 | 6318809148560 | 0.0163233 | 850.719 | 3517886
Rlog_2yr | Range_Med | 87 | 1924 | 13975594868113 | 0.0163233 | 850.719 | 3517886
Rlog_2yr | Range_Med | 88 | 593 | 3133780343308 | 0.0163233 | 850.719 | 3517886
Rlog_2yr | Range_Med | 89 | 1213 | 10097041096253 | 0.0163233 | 850.719 | 3517886
Rlog_2yr | Range_Med | 90 | 117 | 899589426657 | 0.0163233 | 850.719 | 3517886
Rlog_2yr | Range_Med | 91 | 815 | 4037141628238 | 0.0163233 | 850.719 | 3517886
Rlog_2yr | Range_Med | 92 | 2232 | 17398982327992 | 0.0163233 | 850.719 | 3517886
Rlog_2yr | Range_Med | 93 | 1169 | 8337733314627 | 0.0163233 | 850.719 | 3517886
Rlog_2yr | Range_Med | 94 | 501 | 2663700011216 | 0.0163233 | 850.719 | 3517886
Rlog_2yr | Range_Med | 95 | 4688 | 41593787073022 | 0.0163233 | 850.719 | 3517886
Rlog_2yr | Range_Med | 96 | 2384 | 19433836499838 | 0.0163233 | 850.719 | 3517886
Rlog_2yr | Range_Med | 97 | 1908 | 15357858206915 | 0.0163233 | 850.719 | 3517886
Rlog_2yr | Range_Med | 98 | 4016 | 33925920043661 | 0.0163233 | 850.719 | 3517886
Rlog_2yr | Range_Med | 99 | 1684 | 13786738606989 | 0.0163233 | 850.719 | 3517886
Rlog_2yr | Range_Large | 0 | 2608 | 14328676707023 | 0.0804167 | 854.898 | 3517886
Rlog_2yr | Range_Large | 1 | 1308 | 8278396409531 | 0.0804167 | 854.898 | 3517886
Rlog_2yr | Range_Large | 2 | 2340 | 16722086383021 | 0.0804167 | 854.898 | 3517886
Rlog_2yr | Range_Large | 3 | 5492 | 38268468977040 | 0.0804167 | 854.898 | 3517886
Rlog_2yr | Range_Large | 4 | 6149 | 47007816061785 | 0.0804167 | 854.898 | 3517886
Rlog_2yr | Range_Large | 5 | 886 | 3817913899533 | 0.0804167 | 854.898 | 3517886
Rlog_2yr | Range_Large | 6 | 1210 | 5816045378762 | 0.0804167 | 854.898 | 3517886
Rlog_2yr | Range_Large | 7 | 15336 | 129039032398744 | 0.0804167 | 854.898 | 3517886
Rlog_2yr | Range_Large | 8 | 3645 | 28071332035895 | 0.0804167 | 854.898 | 3517886
Rlog_2yr | Range_Large | 9 | 2979 | 21919299228920 | 0.0804167 | 854.898 | 3517886
Rlog_2yr | Range_Large | 10 | 2577 | 13883655748827 | 0.0804167 | 854.898 | 3517886
Rlog_2yr | Range_Large | 11 | 3966 | 23380087845605 | 0.0804167 | 854.898 | 3517886
Rlog_2yr | Range_Large | 12 | 11610 | 92466490295170 | 0.0804167 | 854.898 | 3517886
Rlog_2yr | Range_Large | 13 | 3767 | 21619836331368 | 0.0804167 | 854.898 | 3517886
Rlog_2yr | Range_Large | 14 | 8077 | 61615508610460 | 0.0804167 | 854.898 | 3517886
Rlog_2yr | Range_Large | 15 | 1564 | 8027039728069 | 0.0804167 | 854.898 | 3517886
Rlog_2yr | Range_Large | 16 | 7031 | 54069863083454 | 0.0804167 | 854.898 | 3517886
Rlog_2yr | Range_Large | 17 | 6743 | 41576768046995 | 0.0804167 | 854.898 | 3517886
Rlog_2yr | Range_Large | 18 | 12740 | 98980133100554 | 0.0804167 | 854.898 | 3517886
Rlog_2yr | Range_Large | 19 | 15329 | 113064131610972 | 0.0804167 | 854.898 | 3517886
Rlog_2yr | Range_Large | 20 | 7490 | 57868137028400 | 0.0804167 | 854.898 | 3517886
Rlog_2yr | Range_Large | 21 | 25711 | 225131158279635 | 0.0804167 | 854.898 | 3517886
Rlog_2yr | Range_Large | 22 | 1611 | 10340635050679 | 0.0804167 | 854.898 | 3517886
Rlog_2yr | Range_Large | 23 | 3915 | 28730167750218 | 0.0804167 | 854.898 | 3517886
Rlog_2yr | Range_Large | 24 | 9165 | 73181968529338 | 0.0804167 | 854.898 | 3517886
Rlog_2yr | Range_Large | 25 | 3158 | 22861627626803 | 0.0804167 | 854.898 | 3517886
Rlog_2yr | Range_Large | 26 | 14745 | 92364263240071 | 0.0804167 | 854.898 | 3517886
Rlog_2yr | Range_Large | 27 | 2011 | 11643050172759 | 0.0804167 | 854.898 | 3517886
Rlog_2yr | Range_Large | 28 | 23601 | 195250201521950 | 0.0804167 | 854.898 | 3517886
Rlog_2yr | Range_Large | 29 | 31263 | 256825612746255 | 0.0804167 | 854.898 | 3517886
Rlog_2yr | Range_Large | 30 | 3664 | 19311252461691 | 0.0804167 | 854.898 | 3517886
Rlog_2yr | Range_Large | 31 | 8426 | 66842622755030 | 0.0804167 | 854.898 | 3517886
Rlog_2yr | Range_Large | 32 | 3497 | 23330415861008 | 0.0804167 | 854.898 | 3517886
Rlog_2yr | Range_Large | 33 | 27340 | 236058529233846 | 0.0804167 | 854.898 | 3517886
Rlog_2yr | Range_Large | 34 | 1450 | 6663183763944 | 0.0804167 | 854.898 | 3517886
Rlog_2yr | Range_Large | 35 | 4145 | 25213607011475 | 0.0804167 | 854.898 | 3517886
Rlog_2yr | Range_Large | 36 | 3479 | 22446687148211 | 0.0804167 | 854.898 | 3517886
Rlog_2yr | Range_Large | 37 | 4300 | 35792536832900 | 0.0804167 | 854.898 | 3517886
Rlog_2yr | Range_Large | 38 | 14789 | 120457815272269 | 0.0804167 | 854.898 | 3517886
Rlog_2yr | Range_Large | 39 | 10434 | 95731494927844 | 0.0804167 | 854.898 | 3517886
Rlog_2yr | Range_Large | 40 | 4250 | 22221113866329 | 0.0804167 | 854.898 | 3517886
Rlog_2yr | Range_Large | 41 | 9004 | 63735514748542 | 0.0804167 | 854.898 | 3517886
Rlog_2yr | Range_Large | 42 | 108975 | 968755919342388 | 0.0804167 | 854.898 | 3517886
Rlog_2yr | Range_Large | 43 | 6727 | 56444678071364 | 0.0804167 | 854.898 | 3517886
Rlog_2yr | Range_Large | 44 | 915 | 6121249803816 | 0.0804167 | 854.898 | 3517886
Rlog_2yr | Range_Large | 45 | 3173 | 13796612622896 | 0.0804167 | 854.898 | 3517886
Rlog_2yr | Range_Large | 46 | 11643 | 95688134086020 | 0.0804167 | 854.898 | 3517886
Rlog_2yr | Range_Large | 47 | 22195 | 192377907812495 | 0.0804167 | 854.898 | 3517886
Rlog_2yr | Range_Large | 48 | 8440 | 59810050010638 | 0.0804167 | 854.898 | 3517886
Rlog_2yr | Range_Large | 49 | 6427 | 37726196001043 | 0.0804167 | 854.898 | 3517886
Rlog_2yr | Range_Large | 50 | 6601 | 53340899146453 | 0.0804167 | 854.898 | 3517886
Rlog_2yr | Range_Large | 51 | 2711 | 16986954369178 | 0.0804167 | 854.898 | 3517886
Rlog_2yr | Range_Large | 52 | 3293 | 15869881172790 | 0.0804167 | 854.898 | 3517886
Rlog_2yr | Range_Large | 53 | 1858 | 9719694963031 | 0.0804167 | 854.898 | 3517886
Rlog_2yr | Range_Large | 54 | 1380 | 6094030813151 | 0.0804167 | 854.898 | 3517886
Rlog_2yr | Range_Large | 55 | 2628 | 12325626245818 | 0.0804167 | 854.898 | 3517886
Rlog_2yr | Range_Large | 56 | 32741 | 289992772978035 | 0.0804167 | 854.898 | 3517886
Rlog_2yr | Range_Large | 57 | 3405 | 19771046908075 | 0.0804167 | 854.898 | 3517886
Rlog_2yr | Range_Large | 58 | 2537 | 12020812106510 | 0.0804167 | 854.898 | 3517886
Rlog_2yr | Range_Large | 59 | 4084 | 28135005495190 | 0.0804167 | 854.898 | 3517886
Rlog_2yr | Range_Large | 60 | 9336 | 74612483013736 | 0.0804167 | 854.898 | 3517886
Rlog_2yr | Range_Large | 61 | 8431 | 65449165781265 | 0.0804167 | 854.898 | 3517886
Rlog_2yr | Range_Large | 62 | 1658 | 8746484602438 | 0.0804167 | 854.898 | 3517886
Rlog_2yr | Range_Large | 63 | 28682 | 251288133344407 | 0.0804167 | 854.898 | 3517886
Rlog_2yr | Range_Large | 64 | 11178 | 81008189351999 | 0.0804167 | 854.898 | 3517886
Rlog_2yr | Range_Large | 65 | 3406 | 16552172741707 | 0.0804167 | 854.898 | 3517886
Rlog_2yr | Range_Large | 66 | 9782 | 66609840313504 | 0.0804167 | 854.898 | 3517886
Rlog_2yr | Range_Large | 67 | 27360 | 230141922253678 | 0.0804167 | 854.898 | 3517886
Rlog_2yr | Range_Large | 68 | 14444 | 120449033235279 | 0.0804167 | 854.898 | 3517886
Rlog_2yr | Range_Large | 69 | 7900 | 64344144997049 | 0.0804167 | 854.898 | 3517886
Rlog_2yr | Range_Large | 70 | 3092 | 13378647315551 | 0.0804167 | 854.898 | 3517886
Rlog_2yr | Range_Large | 71 | 4764 | 27212828481542 | 0.0804167 | 854.898 | 3517886
Rlog_2yr | Range_Large | 72 | 25651 | 224008455671437 | 0.0804167 | 854.898 | 3517886
Rlog_2yr | Range_Large | 73 | 4133 | 17399209891884 | 0.0804167 | 854.898 | 3517886
Rlog_2yr | Range_Large | 74 | 2708 | 12755409293811 | 0.0804167 | 854.898 | 3517886
Rlog_2yr | Range_Large | 75 | 12970 | 106416726628557 | 0.0804167 | 854.898 | 3517886
Rlog_2yr | Range_Large | 76 | 10009 | 78953815196994 | 0.0804167 | 854.898 | 3517886
Rlog_2yr | Range_Large | 77 | 17726 | 149009352286019 | 0.0804167 | 854.898 | 3517886
Rlog_2yr | Range_Large | 78 | 2701 | 11786867806007 | 0.0804167 | 854.898 | 3517886
Rlog_2yr | Range_Large | 79 | 6114 | 37427838633163 | 0.0804167 | 854.898 | 3517886
Rlog_2yr | Range_Large | 80 | 19699 | 159718679423555 | 0.0804167 | 854.898 | 3517886
Rlog_2yr | Range_Large | 81 | 12987 | 105213956375183 | 0.0804167 | 854.898 | 3517886
Rlog_2yr | Range_Large | 82 | 8785 | 55932238585242 | 0.0804167 | 854.898 | 3517886
Rlog_2yr | Range_Large | 83 | 1638 | 10384194931807 | 0.0804167 | 854.898 | 3517886
Rlog_2yr | Range_Large | 84 | 6012 | 46531010265157 | 0.0804167 | 854.898 | 3517886
Rlog_2yr | Range_Large | 85 | 1033 | 5060182302693 | 0.0804167 | 854.898 | 3517886
Rlog_2yr | Range_Large | 86 | 3186 | 17644999678538 | 0.0804167 | 854.898 | 3517886
Rlog_2yr | Range_Large | 87 | 3872 | 32143071053568 | 0.0804167 | 854.898 | 3517886
Rlog_2yr | Range_Large | 88 | 8222 | 72676169099613 | 0.0804167 | 854.898 | 3517886
Rlog_2yr | Range_Large | 89 | 11573 | 96107817119228 | 0.0804167 | 854.898 | 3517886
Rlog_2yr | Range_Large | 90 | 2639 | 19336097422019 | 0.0804167 | 854.898 | 3517886
Rlog_2yr | Range_Large | 91 | 19688 | 187972307661142 | 0.0804167 | 854.898 | 3517886
Rlog_2yr | Range_Large | 92 | 5994 | 43599404912319 | 0.0804167 | 854.898 | 3517886
Rlog_2yr | Range_Large | 93 | 3142 | 20932871574902 | 0.0804167 | 854.898 | 3517886
Rlog_2yr | Range_Large | 94 | 1968 | 12418687079478 | 0.0804167 | 854.898 | 3517886
Rlog_2yr | Range_Large | 95 | 20416 | 174229014327481 | 0.0804167 | 854.898 | 3517886
Rlog_2yr | Range_Large | 96 | 14521 | 116859433060594 | 0.0804167 | 854.898 | 3517886
Rlog_2yr | Range_Large | 97 | 1514 | 9382959294159 | 0.0804167 | 854.898 | 3517886
Rlog_2yr | Range_Large | 98 | 3959 | 26037405514644 | 0.0804167 | 854.898 | 3517886
Rlog_2yr | Range_Large | 99 | 2857 | 21459320939608 | 0.0804167 | 854.898 | 3517886
Rlog_2yr | KNN_1 | 0 | 1 | 4214363574 | 0.00391333 | 854.898 | 3517886
Rlog_2yr | KNN_1 | 1 | 1 | 4606014599 | 0.00391333 | 854.898 | 3517886
Rlog_2yr | KNN_1 | 2 | 1 | 4212089658 | 0.00391333 | 854.898 | 3517886
Rlog_2yr | KNN_1 | 3 | 1 | 4212088591 | 0.00391333 | 854.898 | 3517886
Rlog_2yr | KNN_1 | 4 | 1 | 4742747770 | 0.00391333 | 854.898 | 3517886
Rlog_2yr | KNN_1 | 5 | 1 | 4844880651 | 0.00391333 | 854.898 | 3517886
Rlog_2yr | KNN_1 | 6 | 1 | 4095352687 | 0.00391333 | 854.898 | 3517886
Rlog_2yr | KNN_1 | 7 | 1 | 4333669960 | 0.00391333 | 854.898 | 3517886
Rlog_2yr | KNN_1 | 8 | 1 | 5634904255 | 0.00391333 | 854.898 | 3517886
Rlog_2yr | KNN_1 | 9 | 1 | 3295247217 | 0.00391333 | 854.898 | 3517886
Rlog_2yr | KNN_1 | 10 | 1 | 6452302088 | 0.00391333 | 854.898 | 3517886
Rlog_2yr | KNN_1 | 11 | 1 | 1986422595 | 0.00391333 | 854.898 | 3517886
Rlog_2yr | KNN_1 | 12 | 1 | 6666729275 | 0.00391333 | 854.898 | 3517886
Rlog_2yr | KNN_1 | 13 | 1 | 5754216917 | 0.00391333 | 854.898 | 3517886
Rlog_2yr | KNN_1 | 14 | 1 | 6813925601 | 0.00391333 | 854.898 | 3517886
Rlog_2yr | KNN_1 | 15 | 1 | 4642616374 | 0.00391333 | 854.898 | 3517886
Rlog_2yr | KNN_1 | 16 | 1 | 5754274119 | 0.00391333 | 854.898 | 3517886
Rlog_2yr | KNN_1 | 17 | 1 | 4660356991 | 0.00391333 | 854.898 | 3517886
Rlog_2yr | KNN_1 | 18 | 1 | 4262378933 | 0.00391333 | 854.898 | 3517886
Rlog_2yr | KNN_1 | 19 | 1 | 6285633972 | 0.00391333 | 854.898 | 3517886
Rlog_2yr | KNN_1 | 20 | 1 | 5872394291 | 0.00391333 | 854.898 | 3517886
Rlog_2yr | KNN_1 | 21 | 1 | 4849160732 | 0.00391333 | 854.898 | 3517886
Rlog_2yr | KNN_1 | 22 | 1 | 4849159466 | 0.00391333 | 854.898 | 3517886
Rlog_2yr | KNN_1 | 23 | 1 | 4869102926 | 0.00391333 | 854.898 | 3517886
Rlog_2yr | KNN_1 | 24 | 1 | 4610245368 | 0.00391333 | 854.898 | 3517886
Rlog_2yr | KNN_1 | 25 | 1 | 3004356362 | 0.00391333 | 854.898 | 3517886
Rlog_2yr | KNN_1 | 26 | 1 | 6525035829 | 0.00391333 | 854.898 | 3517886
Rlog_2yr | KNN_1 | 27 | 1 | 5280786284 | 0.00391333 | 854.898 | 3517886
Rlog_2yr | KNN_1 | 28 | 1 | 4489823629 | 0.00391333 | 854.898 | 3517886
Rlog_2yr | KNN_1 | 29 | 1 | 4325404482 | 0.00391333 | 854.898 | 3517886
Rlog_2yr | KNN_1 | 30 | 1 | 3999727994 | 0.00391333 | 854.898 | 3517886
Rlog_2yr | KNN_1 | 31 | 1 | 6036602114 | 0.00391333 | 854.898 | 3517886
Rlog_2yr | KNN_1 | 32 | 1 | 6994254192 | 0.00391333 | 854.898 | 3517886
Rlog_2yr | KNN_1 | 33 | 1 | 4911457389 | 0.00391333 | 854.898 | 3517886
Rlog_2yr | KNN_1 | 34 | 1 | 3951747980 | 0.00391333 | 854.898 | 3517886
Rlog_2yr | KNN_1 | 35 | 1 | 4214360374 | 0.00391333 | 854.898 | 3517886
Rlog_2yr | KNN_1 | 36 | 1 | 3460368465 | 0.00391333 | 854.898 | 3517886
Rlog_2yr | KNN_1 | 37 | 1 | 4210576677 | 0.00391333 | 854.898 | 3517886
Rlog_2yr | KNN_1 | 38 | 1 | 6746876890 | 0.00391333 | 854.898 | 3517886
Rlog_2yr | KNN_1 | 39 | 1 | 5821313408 | 0.00391333 | 854.898 | 3517886
Rlog_2yr | KNN_1 | 40 | 1 | 4209804024 | 0.00391333 | 854.898 | 3517886
Rlog_2yr | KNN_1 | 41 | 1 | 4702305713 | 0.00391333 | 854.898 | 3517886
Rlog_2yr | KNN_1 | 42 | 1 | 4936174941 | 0.00391333 | 854.898 | 3517886
Rlog_2yr | KNN_1 | 43 | 1 | 3460261569 | 0.00391333 | 854.898 | 3517886
Rlog_2yr | KNN_1 | 44 | 1 | 4165367463 | 0.00391333 | 854.898 | 3517886
Rlog_2yr | KNN_1 | 45 | 1 | 4577829202 | 0.00391333 | 854.898 | 3517886
Rlog_2yr | KNN_1 | 46 | 1 | 5734113670 | 0.00391333 | 854.898 | 3517886
Rlog_2yr | KNN_1 | 47 | 1 | 7497531688 | 0.00391333 | 854.898 | 3517886
Rlog_2yr | KNN_1 | 48 | 1 | 3423287604 | 0.00391333 | 854.898 | 3517886
Rlog_2yr | KNN_1 | 49 | 1 | 1987011054 | 0.00391333 | 854.898 | 3517886
Rlog_2yr | KNN_1 | 50 | 1 | 5893591417 | 0.00391333 | 854.898 | 3517886
Rlog_2yr | KNN_1 | 51 | 1 | 6745912519 | 0.00391333 | 854.898 | 3517886
Rlog_2yr | KNN_1 | 52 | 1 | 4991737386 | 0.00391333 | 854.898 | 3517886
Rlog_2yr | KNN_1 | 53 | 1 | 4058930363 | 0.00391333 | 854.898 | 3517886
Rlog_2yr | KNN_1 | 54 | 1 | 4214441451 | 0.00391333 | 854.898 | 3517886
Rlog_2yr | KNN_1 | 55 | 1 | 3202206189 | 0.00391333 | 854.898 | 3517886
Rlog_2yr | KNN_1 | 56 | 1 | 4209803485 | 0.00391333 | 854.898 | 3517886
Rlog_2yr | KNN_1 | 57 | 1 | 3460260662 | 0.00391333 | 854.898 | 3517886
Rlog_2yr | KNN_1 | 58 | 1 | 5910458189 | 0.00391333 | 854.898 | 3517886
Rlog_2yr | KNN_1 | 59 | 1 | 6929838743 | 0.00391333 | 854.898 | 3517886
Rlog_2yr | KNN_1 | 60 | 1 | 4336082554 | 0.00391333 | 854.898 | 3517886
Rlog_2yr | KNN_1 | 61 | 1 | 7043282764 | 0.00391333 | 854.898 | 3517886
Rlog_2yr | KNN_1 | 62 | 1 | 4664416465 | 0.00391333 | 854.898 | 3517886
Rlog_2yr | KNN_1 | 63 | 1 | 4212369597 | 0.00391333 | 854.898 | 3517886
Rlog_2yr | KNN_1 | 64 | 1 | 4310076658 | 0.00391333 | 854.898 | 3517886
Rlog_2yr | KNN_1 | 65 | 1 | 5205360947 | 0.00391333 | 854.898 | 3517886
Rlog_2yr | KNN_1 | 66 | 1 | 5289679951 | 0.00391333 | 854.898 | 3517886
Rlog_2yr | KNN_1 | 67 | 1 | 4684309840 | 0.00391333 | 854.898 | 3517886
Rlog_2yr | KNN_1 | 68 | 1 | 2279849617 | 0.00391333 | 854.898 | 3517886
Rlog_2yr | KNN_1 | 69 | 1 | 4642616562 | 0.00391333 | 854.898 | 3517886
Rlog_2yr | KNN_1 | 70 | 1 | 3975601307 | 0.00391333 | 854.898 | 3517886
Rlog_2yr | KNN_1 | 71 | 1 | 4262441722 | 0.00391333 | 854.898 | 3517886
Rlog_2yr | KNN_1 | 72 | 1 | 2535070977 | 0.00391333 | 854.898 | 3517886
Rlog_2yr | KNN_1 | 73 | 1 | 6545723519 | 0.00391333 | 854.898 | 3517886
Rlog_2yr | KNN_1 | 74 | 1 | 4642617242 | 0.00391333 | 854.898 | 3517886
Rlog_2yr | KNN_1 | 75 | 1 | 4069096998 | 0.00391333 | 854.898 | 3517886
Rlog_2yr | KNN_1 | 76 | 1 | 4229643868 | 0.00391333 | 854.898 | 3517886
Rlog_2yr | KNN_1 | 77 | 1 | 3593275725 | 0.00391333 | 854.898 | 3517886
Rlog_2yr | KNN_1 | 78 | 1 | 3976471012 | 0.00391333 | 854.898 | 3517886
Rlog_2yr | KNN_1 | 79 | 1 | 4237350732 | 0.00391333 | 854.898 | 3517886
Rlog_2yr | KNN_1 | 80 | 1 | 3952055341 | 0.00391333 | 854.898 | 3517886
Rlog_2yr | KNN_1 | 81 | 1 | 6662717870 | 0.00391333 | 854.898 | 3517886
Rlog_2yr | KNN_1 | 82 | 1 | 4108158197 | 0.00391333 | 854.898 | 3517886
Rlog_2yr | KNN_1 | 83 | 1 | 6545480104 | 0.00391333 | 854.898 | 3517886
Rlog_2yr | KNN_1 | 84 | 1 | 3522660375 | 0.00391333 | 854.898 | 3517886
Rlog_2yr | KNN_1 | 85 | 1 | 4692942601 | 0.00391333 | 854.898 | 3517886
Rlog_2yr | KNN_1 | 86 | 1 | 6536823492 | 0.00391333 | 854.898 | 3517886
Rlog_2yr | KNN_1 | 87 | 1 | 4234541896 | 0.00391333 | 854.898 | 3517886
Rlog_2yr | KNN_1 | 88 | 1 | 5859452029 | 0.00391333 | 854.898 | 3517886
Rlog_2yr | KNN_1 | 89 | 1 | 4929904991 | 0.00391333 | 854.898 | 3517886
Rlog_2yr | KNN_1 | 90 | 1 | 4133808081 | 0.00391333 | 854.898 | 3517886
Rlog_2yr | KNN_1 | 91 | 1 | 3976850065 | 0.00391333 | 854.898 | 3517886
Rlog_2yr | KNN_1 | 92 | 1 | 4313734681 | 0.00391333 | 854.898 | 3517886
Rlog_2yr | KNN_1 | 93 | 1 | 7021321568 | 0.00391333 | 854.898 | 3517886
Rlog_2yr | KNN_1 | 94 | 1 | 4400692766 | 0.00391333 | 854.898 | 3517886
Rlog_2yr | KNN_1 | 95 | 1 | 6930055024 | 0.00391333 | 854.898 | 3517886
Rlog_2yr | KNN_1 | 96 | 1 | 4664417046 | 0.00391333 | 854.898 | 3517886
Rlog_2yr | KNN_1 | 97 | 1 | 3951862983 | 0.00391333 | 854.898 | 3517886
Rlog_2yr | KNN_1 | 98 | 1 | 4210294318 | 0.00391333 | 854.898 | 3517886
Rlog_2yr | KNN_1 | 99 | 1 | 4572105029 | 0.00391333 | 854.898 | 3517886
Rlog_2yr | KNN_10 | 0 | 10 | 49916703885 | 0.00474333 | 854.898 | 3517886
Rlog_2yr | KNN_10 | 1 | 10 | 46926078297 | 0.00474333 | 854.898 | 3517886
Rlog_2yr | KNN_10 | 2 | 10 | 56358343289 | 0.00474333 | 854.898 | 3517886
Rlog_2yr | KNN_10 | 3 | 10 | 55522809677 | 0.00474333 | 854.898 | 3517886
Rlog_2yr | KNN_10 | 4 | 10 | 42893517487 | 0.00474333 | 854.898 | 3517886
Rlog_2yr | KNN_10 | 5 | 10 | 42345408713 | 0.00474333 | 854.898 | 3517886
Rlog_2yr | KNN_10 | 6 | 10 | 69300316991 | 0.00474333 | 854.898 | 3517886
Rlog_2yr | KNN_10 | 7 | 10 | 58936006526 | 0.00474333 | 854.898 | 3517886
Rlog_2yr | KNN_10 | 8 | 10 | 51504888798 | 0.00474333 | 854.898 | 3517886
Rlog_2yr | KNN_10 | 9 | 10 | 37097334983 | 0.00474333 | 854.898 | 3517886
Rlog_2yr | KNN_10 | 10 | 10 | 30033376930 | 0.00474333 | 854.898 | 3517886
Rlog_2yr | KNN_10 | 11 | 10 | 52925260834 | 0.00474333 | 854.898 | 3517886
Rlog_2yr | KNN_10 | 12 | 10 | 78255157979 | 0.00474333 | 854.898 | 3517886
Rlog_2yr | KNN_10 | 13 | 10 | 42124191621 | 0.00474333 | 854.898 | 3517886
Rlog_2yr | KNN_10 | 14 | 10 | 46061813140 | 0.00474333 | 854.898 | 3517886
Rlog_2yr | KNN_10 | 15 | 10 | 71936242026 | 0.00474333 | 854.898 | 3517886
Rlog_2yr | KNN_10 | 16 | 10 | 71139678259 | 0.00474333 | 854.898 | 3517886
Rlog_2yr | KNN_10 | 17 | 10 | 46560294748 | 0.00474333 | 854.898 | 3517886
Rlog_2yr | KNN_10 | 18 | 10 | 53116571966 | 0.00474333 | 854.898 | 3517886
Rlog_2yr | KNN_10 | 19 | 10 | 48690541465 | 0.00474333 | 854.898 | 3517886
Rlog_2yr | KNN_10 | 20 | 10 | 75053836699 | 0.00474333 | 854.898 | 3517886
Rlog_2yr | KNN_10 | 21 | 10 | 46431331658 | 0.00474333 | 854.898 | 3517886
Rlog_2yr | KNN_10 | 22 | 10 | 77597095661 | 0.00474333 | 854.898 | 3517886
Rlog_2yr | KNN_10 | 23 | 10 | 40690687794 | 0.00474333 | 854.898 | 3517886
Rlog_2yr | KNN_10 | 24 | 10 | 42098024970 | 0.00474333 | 854.898 | 3517886
Rlog_2yr | KNN_10 | 25 | 10 | 52411484627 | 0.00474333 | 854.898 | 3517886
Rlog_2yr | KNN_10 | 26 | 10 | 37310493099 | 0.00474333 | 854.898 | 3517886
Rlog_2yr | KNN_10 | 27 | 10 | 64475574894 | 0.00474333 | 854.898 | 3517886
Rlog_2yr | KNN_10 | 28 | 10 | 42034766946 | 0.00474333 | 854.898 | 3517886
Rlog_2yr | KNN_10 | 29 | 10 | 43131501461 | 0.00474333 | 854.898 | 3517886
Rlog_2yr | KNN_10 | 30 | 10 | 46877303485 | 0.00474333 | 854.898 | 3517886
Rlog_2yr | KNN_10 | 31 | 10 | 46171141707 | 0.00474333 | 854.898 | 3517886
Rlog_2yr | KNN_10 | 32 | 10 | 34947711242 | 0.00474333 | 854.898 | 3517886
Rlog_2yr | KNN_10 | 33 | 10 | 39756909608 | 0.00474333 | 854.898 | 3517886
Rlog_2yr | KNN_10 | 34 | 10 | 48590115394 | 0.00474333 | 854.898 | 3517886
Rlog_2yr | KNN_10 | 35 | 10 | 42146104242 | 0.00474333 | 854.898 | 3517886
Rlog_2yr | KNN_10 | 36 | 10 | 53867540185 | 0.00474333 | 854.898 | 3517886
Rlog_2yr | KNN_10 | 37 | 10 | 42314676487 | 0.00474333 | 854.898 | 3517886
Rlog_2yr | KNN_10 | 38 | 10 | 30610113393 | 0.00474333 | 854.898 | 3517886
Rlog_2yr | KNN_10 | 39 | 10 | 64730824057 | 0.00474333 | 854.898 | 3517886
Rlog_2yr | KNN_10 | 40 | 10 | 78344536075 | 0.00474333 | 854.898 | 3517886
Rlog_2yr | KNN_10 | 41 | 10 | 34603424927 | 0.00474333 | 854.898 | 3517886
Rlog_2yr | KNN_10 | 42 | 10 | 60372679226 | 0.00474333 | 854.898 | 3517886
Rlog_2yr | KNN_10 | 43 | 10 | 39908765883 | 0.00474333 | 854.898 | 3517886
Rlog_2yr | KNN_10 | 44 | 10 | 58038300128 | 0.00474333 | 854.898 | 3517886
Rlog_2yr | KNN_10 | 45 | 10 | 39998157966 | 0.00474333 | 854.898 | 3517886
Rlog_2yr | KNN_10 | 46 | 10 | 35220035406 | 0.00474333 | 854.898 | 3517886
Rlog_2yr | KNN_10 | 47 | 10 | 41096055504 | 0.00474333 | 854.898 | 3517886
Rlog_2yr | KNN_10 | 48 | 10 | 46059973318 | 0.00474333 | 854.898 | 3517886
Rlog_2yr | KNN_10 | 49 | 10 | 45757739215 | 0.00474333 | 854.898 | 3517886
Rlog_2yr | KNN_10 | 50 | 10 | 63560019299 | 0.00474333 | 854.898 | 3517886
Rlog_2yr | KNN_10 | 51 | 10 | 42159568292 | 0.00474333 | 854.898 | 3517886
Rlog_2yr | KNN_10 | 52 | 10 | 89193529033 | 0.00474333 | 854.898 | 3517886
Rlog_2yr | KNN_10 | 53 | 10 | 46643852907 | 0.00474333 | 854.898 | 3517886
Rlog_2yr | KNN_10 | 54 | 10 | 52147567539 | 0.00474333 | 854.898 | 3517886
Rlog_2yr | KNN_10 | 55 | 10 | 42059483330 | 0.00474333 | 854.898 | 3517886
Rlog_2yr | KNN_10 | 56 | 10 | 58593642207 | 0.00474333 | 854.898 | 3517886
Rlog_2yr | KNN_10 | 57 | 10 | 58595804301 | 0.00474333 | 854.898 | 3517886
Rlog_2yr | KNN_10 | 58 | 10 | 39750602355 | 0.00474333 | 854.898 | 3517886
Rlog_2yr | KNN_10 | 59 | 10 | 32022407507 | 0.00474333 | 854.898 | 3517886
Rlog_2yr | KNN_10 | 60 | 10 | 90597195396 | 0.00474333 | 854.898 | 3517886
Rlog_2yr | KNN_10 | 61 | 10 | 65894029481 | 0.00474333 | 854.898 | 3517886
Rlog_2yr | KNN_10 | 62 | 10 | 29680140535 | 0.00474333 | 854.898 | 3517886
Rlog_2yr | KNN_10 | 63 | 10 | 34236457284 | 0.00474333 | 854.898 | 3517886
Rlog_2yr | KNN_10 | 64 | 10 | 62060072547 | 0.00474333 | 854.898 | 3517886
Rlog_2yr | KNN_10 | 65 | 10 | 91346323816 | 0.00474333 | 854.898 | 3517886
Rlog_2yr | KNN_10 | 66 | 10 | 42345415710 | 0.00474333 | 854.898 | 3517886
Rlog_2yr | KNN_10 | 67 | 10 | 41795628780 | 0.00474333 | 854.898 | 3517886
Rlog_2yr | KNN_10 | 68 | 10 | 90792067745 | 0.00474333 | 854.898 | 3517886
Rlog_2yr | KNN_10 | 69 | 10 | 49683025460 | 0.00474333 | 854.898 | 3517886
Rlog_2yr | KNN_10 | 70 | 10 | 39426342649 | 0.00474333 | 854.898 | 3517886
Rlog_2yr | KNN_10 | 71 | 10 | 40150079246 | 0.00474333 | 854.898 | 3517886
Rlog_2yr | KNN_10 | 72 | 10 | 68187524970 | 0.00474333 | 854.898 | 3517886
Rlog_2yr | KNN_10 | 73 | 10 | 40978081028 | 0.00474333 | 854.898 | 3517886
Rlog_2yr | KNN_10 | 74 | 10 | 43359465043 | 0.00474333 | 854.898 | 3517886
Rlog_2yr | KNN_10 | 75 | 10 | 75053748087 | 0.00474333 | 854.898 | 3517886
Rlog_2yr | KNN_10 | 76 | 10 | 42373494233 | 0.00474333 | 854.898 | 3517886
Rlog_2yr | KNN_10 | 77 | 10 | 45721346005 | 0.00474333 | 854.898 | 3517886
Rlog_2yr | KNN_10 | 78 | 10 | 75346123540 | 0.00474333 | 854.898 | 3517886
Rlog_2yr | KNN_10 | 79 | 10 | 83571450048 | 0.00474333 | 854.898 | 3517886
Rlog_2yr | KNN_10 | 80 | 10 | 73367864920 | 0.00474333 | 854.898 | 3517886
Rlog_2yr | KNN_10 | 81 | 10 | 79974789732 | 0.00474333 | 854.898 | 3517886
Rlog_2yr | KNN_10 | 82 | 10 | 42098044693 | 0.00474333 | 854.898 | 3517886
Rlog_2yr | KNN_10 | 83 | 10 | 72657540725 | 0.00474333 | 854.898 | 3517886
Rlog_2yr | KNN_10 | 84 | 10 | 46243547606 | 0.00474333 | 854.898 | 3517886
Rlog_2yr | KNN_10 | 85 | 10 | 52209256765 | 0.00474333 | 854.898 | 3517886
Rlog_2yr | KNN_10 | 86 | 10 | 74325730307 | 0.00474333 | 854.898 | 3517886
Rlog_2yr | KNN_10 | 87 | 10 | 81233981513 | 0.00474333 | 854.898 | 3517886
Rlog_2yr | KNN_10 | 88 | 10 | 48844547392 | 0.00474333 | 854.898 | 3517886
Rlog_2yr | KNN_10 | 89 | 10 | 42295286493 | 0.00474333 | 854.898 | 3517886
Rlog_2yr | KNN_10 | 90 | 10 | 41031236685 | 0.00474333 | 854.898 | 3517886
Rlog_2yr | KNN_10 | 91 | 10 | 59407882257 | 0.00474333 | 854.898 | 3517886
Rlog_2yr | KNN_10 | 92 | 10 | 69297270295 | 0.00474333 | 854.898 | 3517886
Rlog_2yr | KNN_10 | 93 | 10 | 59391726082 | 0.00474333 | 854.898 | 3517886
Rlog_2yr | KNN_10 | 94 | 10 | 69296986345 | 0.00474333 | 854.898 | 3517886
Rlog_2yr | KNN_10 | 95 | 10 | 57341789505 | 0.00474333 | 854.898 | 3517886
Rlog_2yr | KNN_10 | 96 | 10 | 61699924948 | 0.00474333 | 854.898 | 3517886
Rlog_2yr | KNN_10 | 97 | 10 | 41097658729 | 0.00474333 | 854.898 | 3517886
Rlog_2yr | KNN_10 | 98 | 10 | 72527091037 | 0.00474333 | 854.898 | 3517886
Rlog_2yr | KNN_10 | 99 | 10 | 46385752401 | 0.00474333 | 854.898 | 3517886
Rlog_2yr | KNN_100 | 0 | 100 | 542903163060 | 0.0195 | 854.898 | 3517886
Rlog_2yr | KNN_100 | 1 | 100 | 747007205793 | 0.0195 | 854.898 | 3517886
Rlog_2yr | KNN_100 | 2 | 100 | 575425996475 | 0.0195 | 854.898 | 3517886
Rlog_2yr | KNN_100 | 3 | 100 | 569145483457 | 0.0195 | 854.898 | 3517886
Rlog_2yr | KNN_100 | 4 | 100 | 484227035409 | 0.0195 | 854.898 | 3517886
Rlog_2yr | KNN_100 | 5 | 100 | 749803189379 | 0.0195 | 854.898 | 3517886
Rlog_2yr | KNN_100 | 6 | 100 | 704769577470 | 0.0195 | 854.898 | 3517886
Rlog_2yr | KNN_100 | 7 | 100 | 511642339316 | 0.0195 | 854.898 | 3517886
Rlog_2yr | KNN_100 | 8 | 100 | 557604998596 | 0.0195 | 854.898 | 3517886
Rlog_2yr | KNN_100 | 9 | 100 | 675130114198 | 0.0195 | 854.898 | 3517886
Rlog_2yr | KNN_100 | 10 | 100 | 619195815748 | 0.0195 | 854.898 | 3517886
Rlog_2yr | KNN_100 | 11 | 100 | 475788966584 | 0.0195 | 854.898 | 3517886
Rlog_2yr | KNN_100 | 12 | 100 | 806541912181 | 0.0195 | 854.898 | 3517886
Rlog_2yr | KNN_100 | 13 | 100 | 739880966514 | 0.0195 | 854.898 | 3517886
Rlog_2yr | KNN_100 | 14 | 100 | 430036194001 | 0.0195 | 854.898 | 3517886
Rlog_2yr | KNN_100 | 15 | 100 | 581077977005 | 0.0195 | 854.898 | 3517886
Rlog_2yr | KNN_100 | 16 | 100 | 306759216505 | 0.0195 | 854.898 | 3517886
Rlog_2yr | KNN_100 | 17 | 100 | 428324012254 | 0.0195 | 854.898 | 3517886
Rlog_2yr | KNN_100 | 18 | 100 | 572758194819 | 0.0195 | 854.898 | 3517886
Rlog_2yr | KNN_100 | 19 | 100 | 572069502242 | 0.0195 | 854.898 | 3517886
Rlog_2yr | KNN_100 | 20 | 100 | 782847245456 | 0.0195 | 854.898 | 3517886
Rlog_2yr | KNN_100 | 21 | 100 | 965065304307 | 0.0195 | 854.898 | 3517886
Rlog_2yr | KNN_100 | 22 | 100 | 421448117093 | 0.0195 | 854.898 | 3517886
Rlog_2yr | KNN_100 | 23 | 100 | 761977160735 | 0.0195 | 854.898 | 3517886
Rlog_2yr | KNN_100 | 24 | 100 | 671310912489 | 0.0195 | 854.898 | 3517886
Rlog_2yr | KNN_100 | 25 | 100 | 533674843556 | 0.0195 | 854.898 | 3517886
Rlog_2yr | KNN_100 | 26 | 100 | 506706931742 | 0.0195 | 854.898 | 3517886
Rlog_2yr | KNN_100 | 27 | 100 | 684626483748 | 0.0195 | 854.898 | 3517886
Rlog_2yr | KNN_100 | 28 | 100 | 421113580496 | 0.0195 | 854.898 | 3517886
Rlog_2yr | KNN_100 | 29 | 100 | 719806344791 | 0.0195 | 854.898 | 3517886
Rlog_2yr | KNN_100 | 30 | 100 | 739578226349 | 0.0195 | 854.898 | 3517886
Rlog_2yr | KNN_100 | 31 | 100 | 815117438311 | 0.0195 | 854.898 | 3517886
Rlog_2yr | KNN_100 | 32 | 100 | 932801251574 | 0.0195 | 854.898 | 3517886
Rlog_2yr | KNN_100 | 33 | 100 | 510169090517 | 0.0195 | 854.898 | 3517886
Rlog_2yr | KNN_100 | 34 | 100 | 213150805318 | 0.0195 | 854.898 | 3517886
Rlog_2yr | KNN_100 | 35 | 100 | 381722026409 | 0.0195 | 854.898 | 3517886
Rlog_2yr | KNN_100 | 36 | 100 | 799747940538 | 0.0195 | 854.898 | 3517886
Rlog_2yr | KNN_100 | 37 | 100 | 838678477609 | 0.0195 | 854.898 | 3517886
Rlog_2yr | KNN_100 | 38 | 100 | 700084455190 | 0.0195 | 854.898 | 3517886
Rlog_2yr | KNN_100 | 39 | 100 | 547262612593 | 0.0195 | 854.898 | 3517886
Rlog_2yr | KNN_100 | 40 | 100 | 593115039794 | 0.0195 | 854.898 | 3517886
Rlog_2yr | KNN_100 | 41 | 100 | 906179927834 | 0.0195 | 854.898 | 3517886
Rlog_2yr | KNN_100 | 42 | 100 | 710109950789 | 0.0195 | 854.898 | 3517886
Rlog_2yr | KNN_100 | 43 | 100 | 578858028156 | 0.0195 | 854.898 | 3517886
Rlog_2yr | KNN_100 | 44 | 100 | 615321732486 | 0.0195 | 854.898 | 3517886
Rlog_2yr | KNN_100 | 45 | 100 | 455018752268 | 0.0195 | 854.898 | 3517886
Rlog_2yr | KNN_100 | 46 | 100 | 513303203837 | 0.0195 | 854.898 | 3517886
Rlog_2yr | KNN_100 | 47 | 100 | 755090212085 | 0.0195 | 854.898 | 3517886
Rlog_2yr | KNN_100 | 48 | 100 | 524581520775 | 0.0195 | 854.898 | 3517886
Rlog_2yr | KNN_100 | 49 | 100 | 263166318930 | 0.0195 | 854.898 | 3517886
Rlog_2yr | KNN_100 | 50 | 100 | 414489961268 | 0.0195 | 854.898 | 3517886
Rlog_2yr | KNN_100 | 51 | 100 | 681215891872 | 0.0195 | 854.898 | 3517886
Rlog_2yr | KNN_100 | 52 | 100 | 311964535094 | 0.0195 | 854.898 | 3517886
Rlog_2yr | KNN_100 | 53 | 100 | 628332240606 | 0.0195 | 854.898 | 3517886
Rlog_2yr | KNN_100 | 54 | 100 | 414438785599 | 0.0195 | 854.898 | 3517886
Rlog_2yr | KNN_100 | 55 | 100 | 749246169103 | 0.0195 | 854.898 | 3517886
Rlog_2yr | KNN_100 | 56 | 100 | 738728108081 | 0.0195 | 854.898 | 3517886
Rlog_2yr | KNN_100 | 57 | 100 | 771094285542 | 0.0195 | 854.898 | 3517886
Rlog_2yr | KNN_100 | 58 | 100 | 598669972445 | 0.0195 | 854.898 | 3517886
Rlog_2yr | KNN_100 | 59 | 100 | 625918501997 | 0.0195 | 854.898 | 3517886
Rlog_2yr | KNN_100 | 60 | 100 | 627414180024 | 0.0195 | 854.898 | 3517886
Rlog_2yr | KNN_100 | 61 | 100 | 449250084847 | 0.0195 | 854.898 | 3517886
Rlog_2yr | KNN_100 | 62 | 100 | 442467760658 | 0.0195 | 854.898 | 3517886
Rlog_2yr | KNN_100 | 63 | 100 | 673925021639 | 0.0195 | 854.898 | 3517886
Rlog_2yr | KNN_100 | 64 | 100 | 565764472864 | 0.0195 | 854.898 | 3517886
Rlog_2yr | KNN_100 | 65 | 100 | 331200149885 | 0.0195 | 854.898 | 3517886
Rlog_2yr | KNN_100 | 66 | 100 | 475144316710 | 0.0195 | 854.898 | 3517886
Rlog_2yr | KNN_100 | 67 | 100 | 447444153019 | 0.0195 | 854.898 | 3517886
Rlog_2yr | KNN_100 | 68 | 100 | 763276326466 | 0.0195 | 854.898 | 3517886
Rlog_2yr | KNN_100 | 69 | 100 | 554499340993 | 0.0195 | 854.898 | 3517886
Rlog_2yr | KNN_100 | 70 | 100 | 580097166925 | 0.0195 | 854.898 | 3517886
Rlog_2yr | KNN_100 | 71 | 100 | 696280211300 | 0.0195 | 854.898 | 3517886
Rlog_2yr | KNN_100 | 72 | 100 | 564162336779 | 0.0195 | 854.898 | 3517886
Rlog_2yr | KNN_100 | 73 | 100 | 501302616378 | 0.0195 | 854.898 | 3517886
Rlog_2yr | KNN_100 | 74 | 100 | 649004383994 | 0.0195 | 854.898 | 3517886
Rlog_2yr | KNN_100 | 75 | 100 | 604790341004 | 0.0195 | 854.898 | 3517886
Rlog_2yr | KNN_100 | 76 | 100 | 655577792964 | 0.0195 | 854.898 | 3517886
Rlog_2yr | KNN_100 | 77 | 100 | 568447039259 | 0.0195 | 854.898 | 3517886
Rlog_2yr | KNN_100 | 78 | 100 | 538770836802 | 0.0195 | 854.898 | 3517886
Rlog_2yr | KNN_100 | 79 | 100 | 693515340750 | 0.0195 | 854.898 | 3517886
Rlog_2yr | KNN_100 | 80 | 100 | 432151138453 | 0.0195 | 854.898 | 3517886
Rlog_2yr | KNN_100 | 81 | 100 | 734219867446 | 0.0195 | 854.898 | 3517886
Rlog_2yr | KNN_100 | 82 | 100 | 586375350722 | 0.0195 | 854.898 | 3517886
Rlog_2yr | KNN_100 | 83 | 100 | 422048048638 | 0.0195 | 854.898 | 3517886
Rlog_2yr | KNN_100 | 84 | 100 | 656606083300 | 0.0195 | 854.898 | 3517886
Rlog_2yr | KNN_100 | 85 | 100 | 795174743307 | 0.0195 | 854.898 | 3517886
Rlog_2yr | KNN_100 | 86 | 100 | 557722784255 | 0.0195 | 854.898 | 3517886
Rlog_2yr | KNN_100 | 87 | 100 | 709873689577 | 0.0195 | 854.898 | 3517886
Rlog_2yr | KNN_100 | 88 | 100 | 419769864145 | 0.0195 | 854.898 | 3517886
Rlog_2yr | KNN_100 | 89 | 100 | 520692933967 | 0.0195 | 854.898 | 3517886
Rlog_2yr | KNN_100 | 90 | 100 | 694057495311 | 0.0195 | 854.898 | 3517886
Rlog_2yr | KNN_100 | 91 | 100 | 314593565323 | 0.0195 | 854.898 | 3517886
Rlog_2yr | KNN_100 | 92 | 100 | 433747592140 | 0.0195 | 854.898 | 3517886
Rlog_2yr | KNN_100 | 93 | 100 | 408007118693 | 0.0195 | 854.898 | 3517886
Rlog_2yr | KNN_100 | 94 | 100 | 417148847125 | 0.0195 | 854.898 | 3517886
Rlog_2yr | KNN_100 | 95 | 100 | 770516562937 | 0.0195 | 854.898 | 3517886
Rlog_2yr | KNN_100 | 96 | 100 | 757243800992 | 0.0195 | 854.898 | 3517886
Rlog_2yr | KNN_100 | 97 | 100 | 435725879114 | 0.0195 | 854.898 | 3517886
Rlog_2yr | KNN_100 | 98 | 100 | 728848903982 | 0.0195 | 854.898 | 3517886
Rlog_2yr | KNN_100 | 99 | 100 | 579197355700 | 0.0195 | 854.898 | 3517886
